3.95396 -19.06859 5.29615
1.26464 -15.99869 0.97382
4.60693 -13.77016 0.76244
-0.14307 -14.98945 -2.24357
1.23955 -15.00200 3.51163
-1.32587 -13.12812 -0.01482
0.24472 -10.08988 0.38740
-4.18442 -11.12792 -4.76924
-2.12283 -8.66762 -4.21770
-2.80708 -13.36308 -6.51830
-0.60780 -11.34219 -6.22765
2.41363 -12.12902 -2.77926
1.74848 -10.87447 2.56724
1.98562 -11.88295 3.73395
4.47647 -13.68931 7.98323
7.19371 -15.86089 4.77736
10.49144 -20.54914 6.63345
5.87564 -21.06659 7.33649
9.85161 -21.34277 9.61281
7.30093 -21.43923 8.52165
7.58961 -20.31635 11.46250
4.51494 -18.52884 10.36365
7.53232 -17.55331 12.33993
6.74767 -15.79977 11.55529
9.84944 -15.91269 8.73855
21.82604 -12.58883 12.39929
23.48126 -9.85034 9.32122
24.36769 -9.63618 11.18022
22.05586 -6.72911 10.80270
20.90380 -9.14485 8.23109
18.17153 -8.64967 9.80335
18.46602 -11.09034 8.52505
17.92467 -7.42511 11.22490
16.74492 -11.94584 11.39399
18.37269 -6.22177 14.42994
19.81801 -10.50595 15.82216
19.11861 -9.16615 20.62534
23.93677 -8.18852 15.70096
23.43206 -6.64329 19.78379
20.86537 -5.13877 17.71777
23.62498 -6.89587 21.28148
24.23967 -6.33355 24.26263
20.41112 -7.91154 25.70940
19.09913 -4.31557 24.94113
20.51718 -6.59682 29.88222
19.22863 -3.71348 29.98769
23.81080 -5.49762 29.71186
22.09674 -3.31038 29.63055
22.01884 -3.68332 23.97488
18.86313 -4.73755 20.43449
-17.32993 14.06026 3.35254
-16.89621 13.21436 2.91558
-19.17560 13.67948 6.87452
-20.03426 12.33528 6.84623
-17.55998 8.74307 4.51699
-18.48372 8.27110 7.41902
-13.23022 1.13502 5.20814
-10.54038 4.96044 9.28994
-4.62881 0.12208 8.35431
-6.11749 -1.05168 4.13388
-3.84263 -3.28578 4.56705
-10.75779 -1.63644 1.64985
-11.46873 -7.93395 2.03821
-18.93987 -4.34671 -0.60440
-19.67171 -6.03615 1.41432
-22.84917 -2.90686 -0.32493
-22.60147 -2.99113 4.78679
-23.32050 -1.60554 0.46843
-23.27752 -2.51978 4.41871
-19.02762 18.02792 3.57827
-14.62048 19.87746 6.12601
-13.52638 15.56353 5.97950
-17.31660 14.45462 8.58201
-11.82713 14.49345 6.29139
-16.80522 13.53905 9.38133
-10.64227 9.88924 6.24286
-14.20052 5.81329 9.41419
-11.01388 9.32148 5.94204
-5.95399 9.26777 5.26918
-1.33379 7.59828 5.50808
-7.07030 1.78639 10.62049
-4.19360 5.27692 9.48126
0.04892 -3.35173 13.73371
3.13837 2.72296 12.98075
2.98345 -7.49127 14.21520
-11.40496 1.03691 8.39845
-14.82334 -0.81553 5.24003
-13.76451 -2.98290 -0.25470
-15.42520 0.10440 5.19848
-21.32061 0.79270 0.19205
-19.58465 2.40932 5.46833
-22.32083 0.84410 0.41790
-21.49577 2.00837 4.94082
-25.55022 4.39101 5.01953
-27.31716 -0.67737 4.02537
17.52520 -8.89724 9.56340
19.56211 -5.27646 5.44701
19.22300 -5.46783 6.58971
13.54076 -4.98077 1.57157
18.59839 -6.73125 3.53120
3.33252 -3.45492 2.18178
10.44255 -12.28158 2.59968
1.77615 -5.01198 3.69264
0.20667 -6.56808 5.20871
-0.95840 -2.48242 3.75662
-3.17632 -5.77414 6.16559
16.72393 -19.24525 8.84523
20.54944 -19.37307 7.16676
17.76588 -17.50467 7.38300
21.55751 -18.25017 5.42269
22.90247 -19.93437 5.18893
21.08683 -18.27486 3.08586
22.31992 -19.97739 3.18744
19.62206 -19.36887 0.53995
20.65668 -21.08026 0.81219
16.97728 -21.98327 -1.02390
18.69443 -22.89028 -0.90164
17.36363 -24.39893 -1.16477
-25.28975 30.58038 4.69542
-26.55153 28.42208 8.03618
-25.84378 31.15371 7.87071
-24.84986 30.85774 9.39931
-25.48969 28.43522 9.42975
-23.93272 27.16322 9.22069
-21.69499 21.19696 6.97191
-24.75365 26.97945 4.79707
-20.40066 22.62359 4.53008
-19.60431 27.81158 3.19009
-10.60635 -3.52769 10.90381
-10.11918 -6.68939 10.54157
-10.41457 -4.45304 11.92118
-0.44986 -6.47445 13.62628
-10.32541 -6.08894 9.07954
1.21122 -5.20048 12.04368
-2.46893 -0.46147 14.88656
-3.43309 -2.34703 15.69227
18.77531 -16.04215 3.50961
18.57401 -16.36201 5.67111
19.17225 -16.01149 5.77624
16.82582 -18.50802 6.96890
16.16535 -21.22218 8.20133
16.05565 -21.44029 8.85928
15.81513 -24.05070 7.55686
15.81920 -24.43147 8.26952
15.29545 -25.82237 7.27414
-17.34886 23.93007 6.85797
-18.78653 17.99097 8.74373
-20.24585 22.69159 8.30025
-18.75105 27.84717 8.60593
-15.59386 26.21997 6.15827
-15.63063 -6.94914 5.41101
-6.16895 -4.79040 10.98444
-1.38041 -6.06682 10.80018
3.26318 -13.58222 7.45135
7.23283 -15.50506 4.56745
7.23417 -22.16298 5.58799
10.92659 -20.85823 8.49448
9.61572 -21.44019 9.75244
-39.42253 2.85585 1.16590
-40.16731 6.03239 1.08115
-38.84856 4.14480 0.19257
-40.92994 4.93663 2.34412
-39.87108 3.78557 5.17976
-38.52274 2.13737 3.70747
-36.88535 2.00441 4.10583
-30.41835 1.92372 0.44434
-36.84356 4.37827 0.33738
-30.04597 5.38230 4.27652
-25.81011 2.41476 0.16514
-31.31677 2.07227 3.42439
-33.87572 5.51627 7.00098
-30.33021 8.07254 5.35152
-33.77254 8.18391 2.25764
-30.30660 4.38031 0.61621
9.90881 0.08868 5.65233
11.06298 0.23787 9.16186
19.16879 -9.92548 14.78443
18.16062 -4.32653 8.52282
15.77731 -13.61894 11.28351
17.43629 -11.99781 11.67828
18.73284 -14.30392 9.12151
19.88958 -13.17064 10.13650
21.02213 -12.47173 6.01192
21.84979 -11.49986 7.40288
2.53351 -0.38652 0.91596
6.90687 1.92507 4.15033
-2.88380 2.52669 1.42776
-14.50962 5.83477 2.04783
7.15058 3.61130 7.03555
11.66207 -20.34402 12.98267
10.37675 -19.85527 12.73946
10.36429 -18.37457 13.95036
10.79839 -17.54698 13.88841
12.83444 -16.34518 13.65031
13.09876 -19.34877 11.91951
17.68480 -17.10550 1.09173
17.19432 -19.08275 -0.14795
17.33084 -17.49484 3.17405
17.00023 -19.12521 0.39988
16.80511 -21.97138 -0.32353
16.32384 -23.64536 -0.94028
16.53195 -24.00841 0.14650
15.80649 -24.37735 -0.33370
-21.48351 29.19422 8.99683
12.65690 -15.00778 4.05403
13.48011 -14.28203 3.71034
14.89855 -12.32206 2.91489
18.18046 -13.85999 4.68408
20.18353 -12.17638 6.02920
18.43937 -14.29284 7.53549
7.39398 -2.37240 13.74608
5.85049 -0.18017 12.66115
6.90546 -15.53859 14.68767
4.94797 -14.81991 10.51282
1.11868 -8.43177 11.17564
17.56774 -17.01961 8.82452
17.33520 -14.79101 5.57874
18.59610 -14.38502 5.80898
16.49721 -16.31329 8.01955
13.68385 -18.00316 7.08150
13.67822 -18.89593 7.92656
16.95782 -16.02140 9.63882
18.57310 -21.52215 8.75805
21.88246 -20.92790 6.81978
19.75212 -23.01540 8.02250
21.58320 -5.76811 14.68312
2.84795 -16.70443 7.22009
-37.83143 7.07288 1.21397
-36.63869 7.23484 1.69361
21.57569 -10.98804 7.93355
16.09075 -13.06935 13.26034
11.75519 -16.71338 4.41591
10.63980 -16.11024 4.75786
12.57525 -18.87442 6.96969
15.20387 -24.90340 -0.66281
16.24350 -25.77176 -0.50088
14.25901 -26.12680 0.47926
13.45973 -26.94593 2.24637
15.41754 -27.49426 5.85859
13.74803 -27.16716 4.44330
14.39665 -26.67924 6.09125
16.31993 -26.58988 7.18991
13.74831 -26.45321 2.47514
18.84859 -12.24153 10.29392
21.23944 -12.12568 8.90547
10.21705 -18.80708 11.13374
10.55338 -19.63210 8.66748
8.39354 -20.52743 11.14475
9.22544 -19.74006 12.81310
7.81493 -22.04552 8.52423
4.98106 -16.17093 7.27074
10.90815 -19.95721 8.57006
18.21514 -11.54571 11.33247
22.29611 -10.54720 9.24376
19.80998 -11.94476 10.08855
20.62021 -9.71523 8.33278
9.23835 -21.03141 10.36399
14.90699 -13.55885 3.13413
16.24981 -24.05307 6.49609
15.34815 -25.59915 5.69357
15.81130 -25.62303 6.09967
14.48718 -26.15075 2.61651
14.35254 -25.89327 2.59461
16.04263 -24.16507 0.59585
16.95911 -19.94113 1.35669
16.88931 -22.48331 0.54171
17.07682 -18.01079 2.39132
15.00473 -26.01143 5.91670
16.22567 -21.46220 7.26003
16.48129 -19.39550 7.45198
14.25209 -18.02936 9.42453
-22.51405 29.81807 9.47401
-25.85987 28.13249 5.34859
14.99233 -27.62463 2.22857
17.61619 -25.25476 7.94466
17.83334 -17.06072 5.46663
13.48011 -14.28203 3.71034
14.89855 -12.32206 2.91489
14.90699 -13.55885 3.13413
14.98783 -19.73099 1.72708
14.27654 -22.58704 1.28002
12.92645 -21.19483 2.36332
13.31975 -23.04064 2.36326
14.09584 -25.41531 2.75098
12.42451 -24.08533 2.54815
12.35578 -24.22969 3.09526
12.20844 -23.63177 2.95323
13.14727 -23.51974 4.02796
12.63988 -23.11309 3.13387
11.98116 -22.30511 3.80606
12.09505 -22.06470 2.94615
11.44909 -20.43460 2.68045
12.10715 -19.97429 2.38449
13.84522 -19.42148 2.17570
13.58245 -18.73334 3.47027
11.83416 -19.92310 4.68698
11.69936 -20.68225 5.18860
13.36734 -19.20100 5.25765
13.39734 -20.49488 6.10770
12.62108 -21.86909 4.89747
14.36332 -20.99277 6.56650
13.70815 -23.67983 5.58766
14.89576 -25.01449 5.42637
20.51606 -3.94100 35.48909
22.21147 -3.75717 35.22168
22.12402 -3.66144 35.65352
22.07878 -2.25105 34.20792
21.14240 -4.08747 35.22049
20.89388 -2.29563 32.58868
20.69091 -4.59473 33.78991
21.96031 -5.67498 31.15512
21.77849 -5.73544 32.75187
20.97909 -6.01019 32.84822
21.26385 -4.71988 34.33698
-2.98543 -12.52948 -8.38918
-2.29416 -13.44113 -9.26158
-2.19902 -13.67653 -9.12002
-1.96150 -13.44315 -9.25610
-1.93458 -12.41976 -7.63434
-2.78103 -11.21209 -9.09099
-1.51156 -11.03935 -6.43039
-3.02386 -8.59743 -9.10464
-2.58920 -8.92235 -6.82797
-2.93792 -9.00366 -5.73040
-5.90552 -10.78321 -11.29432
-6.07489 -10.96011 -10.91760
-5.55849 -9.01294 -11.05243
-5.72763 -8.96853 -10.49816
-4.19915 -11.26787 -11.02089
-3.89338 -8.58706 -8.62389
-3.81772 -11.68842 -9.04530
-2.94268 -11.37661 -5.93528
-1.54326 -9.65292 -3.67669
-1.98358 -11.56645 -4.16966
11.99176 -19.55802 3.37581
11.17082 -20.17505 3.88082
11.20376 -20.95106 4.58659
19.61088 -4.95287 33.79804
20.80885 -4.87901 32.83990
20.45913 -5.92017 30.85555
20.79321 -3.80568 29.78811
19.92750 -2.19808 32.34537
22.11107 -5.22486 29.12739
22.82181 -5.89049 28.62823
21.06485 -6.15104 28.70250
21.16345 -4.72030 28.48193
21.25737 -4.48139 34.15484
21.58958 -4.55337 34.22939
-3.53584 -11.16958 -11.16287
15.26691 -23.75881 0.94940
-0.76031 -10.94456 -4.62514
-2.61928 -12.83841 -7.33699
21.92357 -1.87785 34.62891
24.03813 -22.60502 4.65818
23.57582 -22.67596 3.23742
23.58031 -25.02581 3.96192
22.70772 -25.25849 1.91561
22.10846 -27.06666 3.21768
20.95096 -27.06636 1.22831
19.85870 -28.55375 2.54266
19.83738 -26.38371 -0.24212
17.81463 -29.00971 2.15515
19.06988 -28.06148 6.07400
20.56658 -27.93230 4.77504
22.25879 -26.16734 5.43249
23.26811 -23.36979 5.91197
21.89431 -24.08767 0.14288
20.98909 -26.02300 7.40514
