0.02227 -18.74534 27.21925
-4.13086 -17.20760 23.25363
-2.03175 -13.82465 22.67811
-6.16320 -16.98670 20.22500
-4.28856 -16.20595 25.78470
-7.75638 -15.67797 22.58719
-7.52836 -12.25030 22.82903
-11.67291 -15.20293 18.20407
-10.74798 -12.09763 18.53417
-9.69954 -16.75476 16.29361
-8.49846 -14.00521 16.34573
-5.06886 -13.35872 19.42135
-5.61156 -12.26873 24.81754
-4.86038 -13.04641 25.94245
-1.41036 -13.51400 29.86705
1.59615 -14.52233 26.35692
6.69711 -17.38964 27.79166
2.79799 -19.70758 29.01295
6.75943 -18.25441 30.81889
4.36917 -19.42168 30.02514
4.48765 -18.16126 32.92171
0.85305 -17.82144 32.19338
3.40267 -15.62659 33.81940
1.89204 -14.37558 33.14177
4.44923 -13.33260 29.98888
17.04572 -7.03477 32.83299
21.24371 -7.23848 31.40158
20.99201 -6.01341 33.05184
21.36586 -3.72865 30.12298
20.54582 -7.01718 28.60992
18.27557 -5.20642 27.28719
17.71392 -7.90125 27.60349
18.09742 -3.33421 27.49788
14.66002 -6.41684 28.23207
17.44780 -0.43179 29.25144
15.21176 -2.95376 32.57126
13.09139 1.26249 34.32685
19.24949 -1.94102 34.81190
17.73795 1.93234 36.23466
18.00101 2.11714 32.62682
16.95634 2.68280 37.31633
16.15980 4.93594 39.28362
12.05950 5.28782 37.76548
13.66952 7.67898 35.13248
10.76250 8.95256 39.77538
11.53499 11.37332 37.89700
13.59609 9.15200 41.77941
13.79068 10.99825 39.71008
16.39920 7.07290 36.56062
15.56471 4.48493 32.53442
-13.55706 8.60849 6.65131
-12.92112 7.79016 6.50805
-16.96478 8.07295 8.66537
-17.61871 6.69932 8.18523
-14.13171 3.25913 7.50895
-16.42619 2.68165 9.48371
-9.25160 -3.61616 11.06628
-10.30643 0.66211 15.43824
-3.74173 -2.15144 18.30537
-5.69818 -0.53013 15.39331
-4.09722 -2.88565 16.89074
-9.53711 -1.05100 11.78275
-11.53261 -6.93588 13.08699
-17.19462 -3.09613 7.71415
-18.74804 -4.16013 9.69399
-20.68219 -1.12387 6.53901
-21.81807 -0.05585 11.41417
-21.08516 0.37645 6.90185
-22.26782 0.40321 10.78038
-15.29161 12.50449 5.95282
-12.98018 14.45023 10.44793
-11.78408 10.18422 10.89411
-16.32360 8.87293 11.09871
-10.46012 9.16965 12.05496
-16.27129 7.95710 12.04593
-9.22594 4.61453 12.63177
-13.54250 0.37970 13.54418
-10.10572 4.82049 11.81623
-5.67465 6.30509 13.87041
-1.63715 6.07951 16.67011
-7.76548 3.83196 20.65990
-4.06964 6.54990 19.81689
-2.92316 -1.32790 26.64372
0.49116 4.57590 25.93580
-0.71393 -5.07154 29.30522
-11.41700 3.17228 17.41650
-14.16893 1.11119 13.77352
-12.13407 -2.38921 9.34440
-14.54807 2.06822 13.38547
-18.65783 2.35785 6.80369
-18.10166 4.90523 11.96776
-19.65249 2.59265 6.70560
-19.84499 4.65101 10.97399
-23.23371 7.50475 9.39461
-25.62231 2.62516 8.86251
17.84008 -5.44621 26.74918
16.73565 -6.34267 23.83787
16.79530 -5.60332 24.79034
14.43200 -4.94297 22.36221
15.46823 -8.59689 24.00402
5.08337 -3.90093 18.06964
10.82618 -11.97507 23.58920
2.94439 -5.15427 19.06126
0.79140 -6.40622 20.05145
0.59269 -2.83773 17.33394
-2.62282 -5.60711 19.21775
14.26935 -14.02875 31.59142
16.76617 -16.60499 33.73547
16.59599 -14.70359 30.97112
18.66155 -17.80005 33.18932
18.16463 -19.20209 34.76648
18.97037 -19.60037 31.65754
18.31025 -20.70160 33.32515
17.93108 -21.79495 29.67567
17.10800 -22.70104 31.28032
14.78160 -23.56380 27.87912
15.01386 -24.40749 29.61707
13.14445 -24.95863 29.05329
-25.27392 21.09484 4.23388
-26.16284 18.40594 7.29830
-26.90825 21.12303 7.07047
-26.37690 21.28476 8.83218
-25.69306 18.87568 8.91952
-23.72243 18.58456 9.26259
-19.48551 15.48840 7.42996
-23.05694 18.26550 4.82058
-17.16183 17.02173 6.04342
-18.81066 21.68742 4.59671
-12.21110 -0.75367 20.83797
-12.26806 -3.94935 21.22438
-12.47876 -1.43571 22.01749
-3.90943 -4.31486 26.97391
-11.95931 -3.68136 19.68377
-1.67428 -3.67401 25.75727
-4.98445 2.04019 26.44611
-6.47416 0.53754 27.25662
19.30039 -17.49165 29.21785
18.38526 -15.80351 30.27975
18.97231 -15.72457 30.65517
15.38241 -15.25110 30.43320
12.56805 -15.34783 31.61295
12.16745 -14.87787 31.94636
10.31803 -17.13947 32.12867
9.84060 -16.73640 32.64103
8.70759 -18.07319 32.28188
-15.85991 18.38078 9.63471
-17.81210 12.34798 10.46547
-19.02363 17.00159 9.32610
-19.65454 21.83817 10.01204
-15.56692 22.18328 8.67829
-16.16609 -4.65319 14.81531
-8.28568 -2.54217 22.47620
-3.05876 -4.72224 24.09806
2.19012 -12.53005 24.96187
6.91773 -14.83615 24.63970
4.28991 -20.22731 27.11322
8.23704 -18.84364 31.18153
6.52861 -19.11403 31.98631
-35.78239 5.81218 2.71646
-36.20998 8.78525 1.43961
-34.90216 6.69448 1.53962
-37.31890 8.18403 2.77611
-36.99813 8.03675 5.99516
-35.51531 5.97585 5.48905
-34.01962 5.96559 6.27659
-27.09916 4.71626 4.10299
-32.96233 6.94052 2.06117
-27.09149 8.88623 7.16850
-22.57701 4.51202 5.13426
-28.70809 5.66811 6.59602
-31.40480 10.21005 8.49475
-27.37770 12.02694 6.97576
-30.05289 11.13479 3.30404
-26.56276 7.10870 3.84726
9.64420 0.71474 23.14347
9.14850 1.73333 26.66312
15.65463 -3.09104 31.29834
15.56265 -2.44418 30.27225
16.24174 -7.31002 34.64558
17.67252 -6.13024 33.19744
18.46418 -9.70723 32.85876
19.68727 -8.34722 32.30465
19.38474 -10.99897 28.88997
20.43815 -9.43549 28.78919
5.07917 -1.25696 15.90974
7.70367 1.98215 20.09914
0.67279 0.95237 13.04393
-9.88976 0.61725 7.14415
6.74378 4.29840 22.32195
7.30665 -17.00684 35.26929
6.22655 -16.68822 34.44347
5.84952 -14.92363 35.07830
6.31874 -14.12488 34.94038
8.36060 -12.92295 35.12111
9.08233 -16.27760 34.56216
18.46476 -19.67640 27.57631
16.95355 -21.50718 27.34959
17.42880 -18.04198 28.50815
16.67071 -21.01845 27.49358
14.51493 -22.92952 28.09563
13.08786 -24.10301 28.07139
12.64476 -23.44310 28.92250
12.06664 -23.80271 28.26716
-22.67545 21.58665 9.51754
12.03522 -14.16268 26.45333
12.96184 -13.48993 26.34715
14.68406 -11.68831 25.82336
16.77397 -12.58833 29.15329
18.55658 -10.68174 28.95554
15.73368 -12.33764 31.84399
3.71215 0.04421 29.64357
2.91562 1.83631 27.51773
2.18450 -12.55737 33.29596
2.29575 -12.93174 28.64567
-1.10257 -6.79110 26.06594
14.24626 -14.73942 33.21351
15.57540 -13.33491 29.77600
16.62665 -12.81576 30.43406
13.67499 -14.29948 31.88197
11.47520 -16.31717 30.22653
11.05371 -16.99023 31.16490
13.39322 -13.61691 33.42278
13.55681 -15.74457 33.86288
16.39265 -18.03452 35.19551
13.24312 -17.41943 34.98420
19.64256 -0.42738 31.65151
-1.73897 -16.95856 29.27341
-33.87489 9.78398 1.76590
-32.80330 10.08379 2.42977
20.26405 -8.66993 28.83724
11.17884 -9.96462 35.50584
10.97984 -15.78760 26.76780
9.86008 -15.18640 26.43689
10.48477 -17.25239 29.84574
11.39664 -24.14972 27.84422
11.26483 -24.74190 29.06612
9.61169 -23.51834 28.17452
8.06680 -22.21951 28.77358
7.82774 -20.08279 32.31747
7.49756 -20.59925 30.19108
7.82792 -19.19639 31.33009
8.70886 -18.81531 33.32827
8.55814 -21.87855 28.91751
16.40095 -7.67566 29.28448
18.70897 -8.85836 30.24968
6.21935 -15.72989 32.30605
6.59690 -16.44559 29.81178
4.93142 -17.91245 32.50648
5.13570 -16.62643 34.05562
5.08280 -19.76648 29.96481
3.67770 -14.98875 26.15644
8.23924 -17.96223 30.97900
18.22946 -6.17051 32.41081
20.12170 -7.62498 30.70307
19.40964 -7.53999 31.41994
19.98472 -7.33322 28.64715
5.97566 -18.56911 32.27058
14.53195 -12.83886 26.30387
10.83282 -18.14398 31.92834
9.31482 -19.28484 31.43691
9.45536 -19.09822 32.00737
9.17808 -21.83442 29.43822
9.30898 -21.68859 29.22258
12.13011 -23.00342 28.83462
15.76464 -20.61042 28.26523
13.94136 -22.48751 28.79809
17.07993 -18.86127 28.12027
8.74031 -19.19808 31.44734
12.65397 -16.25777 31.27839
14.36885 -15.17868 30.76054
10.95629 -15.77086 32.51687
-23.96568 21.57229 9.63583
-24.69556 18.66336 4.93901
8.40889 -23.01415 30.20931
10.29757 -17.93212 34.18179
17.46999 -16.09018 29.88136
12.96184 -13.48993 26.34715
14.68406 -11.68831 25.82336
14.53195 -12.83886 26.30387
14.71697 -19.62123 26.85413
12.19035 -21.15663 27.20272
12.23931 -19.19311 26.16507
11.01658 -20.19915 27.19198
9.49795 -21.25336 28.91653
9.64351 -20.28578 27.00711
9.35213 -19.88379 27.28711
9.77308 -19.66917 26.86742
10.11958 -19.00607 28.08777
10.37803 -19.39760 27.08672
10.46616 -18.25906 26.60242
10.93803 -18.88609 26.16154
11.91619 -18.12860 24.89090
12.72529 -18.34522 25.06675
14.19717 -18.76443 26.08063
14.25748 -17.28728 26.26197
12.02424 -16.34075 25.99906
11.22543 -16.25313 26.44662
13.31402 -15.97490 27.18242
12.10110 -15.90635 28.14249
10.89266 -17.33770 27.47419
12.14210 -16.05331 29.31220
9.91508 -17.96246 29.36916
9.58426 -19.08974 30.72470
9.43762 14.56292 42.06858
10.76836 14.26412 43.12667
10.54775 14.62855 43.27442
12.06200 14.75328 41.94306
9.89250 14.18262 42.43513
12.09742 13.85624 40.14806
10.03796 12.94844 41.45364
11.57219 10.24041 41.27155
10.60967 11.25651 42.06365
9.88942 11.23775 41.61122
10.05648 13.12005 42.23685
-10.40144 -16.14114 14.46121
-9.49616 -16.72790 13.50924
-9.29874 -16.89852 13.63736
-9.19311 -16.59448 13.47673
-9.41256 -15.58410 15.09201
-10.82850 -14.88353 13.74997
-9.46316 -14.10372 16.24955
-12.11655 -12.59542 13.78253
-11.34628 -12.62426 15.99241
-11.51188 -12.79601 17.12199
-14.07233 -15.84872 11.92048
-14.11345 -16.06387 12.31281
-14.45379 -14.08185 12.13369
-14.56596 -14.08772 12.70394
-12.29815 -15.58758 11.99407
-12.85779 -12.91962 14.35939
-11.56936 -15.73743 13.91025
-10.57030 -14.97273 16.90228
-9.76270 -12.74024 18.99859
-9.43427 -14.68586 18.54559
12.73347 -17.29281 25.31504
11.65600 -16.93117 25.18102
10.88711 -16.73286 25.86722
9.13434 12.85387 40.76856
10.43317 12.10328 41.09761
10.61901 10.09645 40.05741
12.58887 10.93264 38.98851
11.65596 13.92157 39.25171
12.95717 9.24120 40.07973
13.28556 8.31106 40.55341
11.96934 8.43717 39.36514
12.96550 9.34732 38.83160
10.28164 13.18127 42.04803
10.41596 13.12423 42.36396
-11.75197 -15.23427 11.77806
11.91837 -22.28679 28.25722
-8.62745 -13.63977 17.95794
-9.83084 -16.23235 15.46256
11.96253 15.32834 41.94029
16.85197 -21.26280 36.42003
16.89603 -22.33228 35.37526
14.87349 -22.86881 36.66684
14.71748 -24.41102 35.05434
12.62974 -24.03166 35.96067
12.48014 -25.33043 34.06641
10.36095 -24.64065 34.47399
12.75776 -25.88521 32.20004
8.94326 -24.57620 32.88581
9.39991 -21.25757 35.45688
10.68068 -22.70888 35.90118
12.85540 -21.81571 36.84124
15.49697 -20.36981 36.76113
15.62468 -25.06850 33.07452
11.74605 -19.74393 36.80419
