-9.03986 -8.14174 50.27789
-9.67747 -5.21840 45.14108
-5.73382 -4.44787 45.33019
-10.11401 -4.42018 41.60214
-9.65992 -3.80261 47.47126
-10.76571 -1.85661 43.28569
-8.19882 0.41672 43.60579
-11.91804 0.06949 37.83236
-9.15293 1.66732 38.47152
-11.30307 -2.81083 36.70199
-8.54952 -1.71448 37.17236
-6.59084 -2.85221 41.23544
-7.44281 -0.41608 46.12838
-7.78568 -1.19096 47.43853
-6.82128 -2.90613 52.30184
-4.76161 -6.50296 50.02205
-3.86585 -11.60629 53.09669
-8.36201 -10.25878 52.90591
-5.17247 -11.50970 55.96012
-7.37744 -10.88369 54.39420
-7.08091 -9.38795 57.16325
-9.01996 -6.85758 55.24137
-6.16767 -6.67906 57.64855
-6.08229 -4.95143 56.50216
-2.91723 -6.73752 54.41407
3.91835 -0.32542 59.31402
7.07589 2.37402 60.88137
5.47374 3.37874 60.03808
8.23633 3.56348 57.53366
9.25950 0.81855 59.81285
9.40949 -0.69344 57.00680
8.90490 -2.24241 59.24816
9.12115 0.09779 55.31207
6.96267 -3.76135 56.83042
7.23070 1.58732 52.83649
3.28931 -0.03971 54.88578
0.72602 0.87216 50.64870
3.07675 4.52899 56.08209
1.08685 5.64071 52.32491
4.43021 4.51558 51.50278
-0.23808 5.78257 51.57089
-2.37831 6.94373 49.65976
-2.85491 3.22934 47.37565
0.19386 4.56679 45.33635
-5.27206 4.64870 44.01484
-3.27278 5.62712 41.77192
-5.80183 7.79240 45.40111
-3.88354 7.97276 43.39705
0.14165 7.03485 47.27647
3.39923 3.60800 48.39409
5.48543 1.69039 13.66381
5.93620 1.78765 14.60293
2.08931 -0.39062 13.36125
2.22490 -1.70211 14.25936
4.57738 -0.67651 18.48611
1.75394 -1.90489 18.61676
3.90673 -3.53424 24.63343
-0.26206 0.90036 25.85234
0.72389 -1.60387 33.06265
0.22169 0.10261 31.20989
-0.41627 -2.11847 33.44899
0.30905 -0.56852 25.95758
-3.30822 -5.75850 25.41502
-2.05607 -2.28095 17.54049
-4.74984 -2.71845 17.67167
-2.94543 -0.10936 14.08692
-6.99691 2.02450 16.37387
-3.11394 1.47377 13.98551
-6.70900 2.41051 15.61045
5.17220 1.66646 9.35374
2.30864 6.26296 9.43620
2.59118 5.59214 13.82923
0.25040 1.50355 13.41363
2.23668 6.71310 15.48681
-0.53308 1.56141 14.47265
2.42974 6.00559 20.18439
-0.37818 0.44668 22.12137
3.00815 4.90047 23.91426
3.64900 6.59454 28.68684
3.41081 6.60248 33.59945
-3.93181 5.64074 32.97513
-0.31975 7.60797 35.17517
-6.12821 1.35817 41.48580
-2.35573 7.06936 41.08037
-6.66077 -0.84504 46.05103
-4.02775 4.87961 28.10688
-3.58891 2.55571 23.69106
0.13227 -1.97947 22.42791
-3.31899 3.46308 23.13064
-1.02988 3.04429 15.72265
-3.86791 6.43715 19.45095
-1.53506 3.39097 14.89881
-4.30685 6.23963 17.48633
-4.62819 9.17601 13.82626
-6.90913 4.66317 11.76945
9.69897 -1.36211 56.93137
9.85160 -1.32843 54.05054
9.36138 -0.30707 54.46756
9.23842 -0.94522 51.03372
8.52645 -3.55346 54.14393
5.11376 -2.85955 41.74762
4.84356 -7.54552 52.07264
2.70508 -3.98372 41.49488
0.28696 -5.10916 41.23169
2.34594 -2.79293 37.98297
-1.64115 -5.16341 38.18702
-0.16103 -10.18795 63.37009
3.28764 -9.85190 65.70714
1.49961 -8.31920 63.31138
5.21388 -8.59670 65.52547
6.24411 -10.11166 66.68462
6.94486 -8.64333 63.88705
7.63360 -10.19397 65.13228
8.40599 -9.86356 61.39702
8.84619 -11.44817 62.56691
8.52393 -12.74314 58.57394
9.39273 -13.44821 60.16588
9.02289 -15.09617 59.04172
4.60273 -4.69421 0.23358
1.56796 -5.32924 3.02606
1.54854 -5.87305 0.25226
-0.11488 -5.07001 0.23553
0.01905 -4.58258 2.68979
0.00046 -2.61368 3.14683
1.78761 0.22641 5.46204
4.50198 -2.65590 3.25012
4.08868 2.13688 4.60862
5.22087 1.77625 0.14693
-7.97344 1.83459 29.81258
-9.04828 -1.18763 30.08796
-9.17124 1.43625 30.39113
-8.04132 -1.59013 40.18159
-7.65689 -1.26679 29.31441
-5.57449 -1.51086 41.07338
-6.83647 4.63057 38.88845
-8.73434 3.53282 38.31646
5.20381 -6.69733 61.96624
3.29164 -7.06782 62.97681
3.49288 -6.65229 63.50468
1.42696 -9.41825 62.39013
0.23298 -12.20700 62.73520
-0.36584 -12.44527 63.01295
0.79944 -15.04793 62.35210
0.22620 -15.43544 62.76939
0.89340 -16.86357 61.92383
1.54232 5.29179 4.65363
0.00826 1.52457 9.58825
0.31646 2.05098 4.68417
-0.26080 1.77593 0.25573
1.67401 5.62939 0.13757
-6.98599 -2.56754 22.97396
-7.10236 -0.12976 33.89597
-5.01314 -2.69476 40.89365
-2.61050 -8.84223 47.65345
0.86252 -10.39507 51.30024
-7.31626 -12.09544 51.62608
-3.12472 -11.26114 58.31693
-5.01353 -11.22011 58.05190
-3.79043 4.59276 0.67503
-2.90179 7.18270 -1.10116
-2.50243 5.71169 0.84007
-4.42378 6.24565 -1.52881
-7.43486 6.28659 -0.33774
-6.40911 4.89533 1.58955
-6.78907 5.44386 3.14266
-3.85838 5.98170 7.50785
-2.53369 6.65513 2.63017
-5.12052 10.62234 9.42033
-1.78771 5.35702 11.61602
-6.48834 7.60911 7.88835
-8.60049 10.38969 4.56761
-6.25969 13.51514 7.13240
-3.32619 11.64247 4.07925
-2.76429 8.18251 7.69835
5.84697 3.85940 46.45586
3.32683 5.96500 48.15483
4.62743 -0.24892 54.91690
5.28966 4.30971 56.21870
2.29323 1.41117 61.35480
4.45056 2.22507 60.88618
4.83432 -1.08578 62.44416
6.27308 0.17054 62.37904
7.96422 -3.50566 60.82698
9.00400 -1.93092 60.88488
6.84160 -1.17388 39.33331
6.51616 3.67766 42.69300
7.59362 1.38720 33.87802
6.98839 0.50464 21.82223
4.64952 6.45969 42.74984
-5.60444 -7.79657 59.98935
-6.00073 -7.95367 58.65954
-6.25292 -6.11838 58.18309
-5.61784 -5.44986 58.01892
-3.75807 -4.19313 58.79893
-3.60961 -7.38267 60.17437
6.75187 -7.84582 59.85660
7.68606 -9.84919 58.96176
4.83121 -8.30179 60.70279
7.12310 -9.92119 59.09401
7.83950 -12.76073 58.80098
8.22930 -14.47034 58.21832
7.44585 -14.82191 59.00497
7.49621 -15.26522 58.17194
-0.23033 -1.29535 0.25159
3.62434 -8.38522 55.57392
4.47508 -7.66460 55.85577
6.33705 -5.93016 55.96070
5.64199 -5.28647 59.88100
7.34112 -3.31520 60.22178
3.15116 -4.26196 60.94453
-2.90342 4.65321 47.28689
-1.90131 5.44695 44.69247
-8.00756 -5.94086 53.30247
-4.96401 -7.90422 50.35973
-5.07577 -3.62997 44.22545
0.84303 -6.21990 61.77853
4.24333 -5.93378 59.80068
4.67419 -5.06848 60.73520
1.32999 -6.36452 60.35204
0.49070 -9.13424 58.54239
-0.51826 -9.48880 59.14860
0.20793 -5.23339 60.96924
1.05440 -12.23563 65.08503
4.39797 -11.23818 66.78427
2.40780 -13.57315 65.82007
6.06343 4.28762 54.22328
-9.38171 -5.20833 51.61667
-2.70406 8.96708 0.72463
-3.09656 9.64812 1.75469
8.93437 -1.23142 60.53196
-2.34309 -1.44882 59.64594
2.42167 -9.93205 55.69221
1.86936 -9.65644 54.53299
-0.12632 -10.27798 57.98405
7.49499 -15.85254 57.53691
7.96983 -16.59769 58.57632
6.11888 -17.19204 57.46022
4.26123 -18.12181 57.80249
2.27747 -18.49077 61.42333
2.57028 -18.33850 59.23510
1.48247 -17.80184 60.61465
1.56122 -17.50693 62.81029
4.18406 -17.60234 58.12280
6.81218 -2.52796 58.87470
6.99212 -0.84104 61.06087
-4.05363 -9.03507 57.18525
-3.73071 -10.39380 54.96584
-6.33948 -10.00143 57.04092
-6.68889 -8.13643 57.74454
-7.14913 -11.62224 54.57917
-2.57482 -10.47826 50.30056
-2.82436 -10.57425 57.81110
5.37634 2.00240 60.73142
7.20398 1.02686 60.62650
6.74165 0.57260 61.31594
8.97905 0.24115 59.87652
-5.49811 -10.63593 57.72415
5.76645 -6.84763 56.60138
1.92673 -14.98575 62.15319
2.24256 -16.61413 61.10629
2.14505 -16.59015 61.71450
4.43235 -17.21887 58.79265
4.36109 -16.97831 58.64448
6.81873 -15.03996 58.84660
6.35106 -10.74946 59.64249
7.18898 -13.27140 59.37878
5.39710 -8.83276 60.11864
1.90249 -17.06619 60.97326
1.07889 -12.42556 62.30629
0.90091 -10.34601 62.43741
-1.31167 -7.90058 59.56364
-0.54683 -2.54959 0.17675
4.11173 -4.21918 2.73899
5.13454 -18.61941 59.14396
1.50943 -16.04204 64.18285
3.12466 -7.84422 62.30754
4.47508 -7.66460 55.85577
6.33705 -5.93016 55.96070
5.76645 -6.84763 56.60138
4.98196 -10.77255 58.16184
5.19280 -13.68506 57.58249
3.46218 -12.47235 56.89779
3.80416 -14.26051 57.39506
4.05848 -16.53524 58.46866
3.25127 -15.40366 56.83426
2.76250 -15.56246 57.08080
2.76142 -14.98356 56.82728
2.33923 -14.77904 58.17966
2.79849 -14.42122 57.23985
1.82317 -13.70366 56.97066
2.59349 -13.43999 56.58689
2.35878 -11.89151 55.75488
2.92303 -11.35456 56.10958
3.97676 -10.60269 57.41129
2.69243 -9.96716 57.81760
0.82670 -11.36666 57.10149
0.38631 -12.14309 57.32360
1.10034 -10.48091 58.63063
0.49099 -11.77427 59.22518
1.20552 -13.21193 58.05118
0.64876 -12.16400 60.32733
1.32695 -14.89491 59.49677
2.18736 -16.08177 60.53058
-7.97622 7.04134 38.96974
-8.32537 8.38538 39.99508
-8.56002 8.43278 39.61300
-6.69402 9.17591 39.82936
-8.09691 7.37629 39.56902
-5.06253 8.09045 40.26284
-7.14045 6.54561 40.51920
-6.26305 6.46963 43.50999
-7.41256 6.47369 42.38532
-7.32921 5.71154 42.01656
-7.83477 6.94650 40.53950
-10.87798 -2.35510 34.74278
-10.48742 -3.60833 34.15375
-10.51317 -3.82941 34.34073
-10.18662 -3.73019 34.22705
-9.98434 -2.48924 35.67526
-10.07671 -1.36827 33.93410
-9.22370 -1.14968 36.75274
-9.26698 1.09775 33.53579
-9.31527 1.09165 35.87573
-9.81630 1.36050 36.88049
-12.44242 -0.27394 31.10446
-12.71815 -0.29921 31.45834
-11.46416 1.25893 31.18264
-11.67723 1.46998 31.68050
-11.12009 -1.28253 31.77940
-10.11981 1.51831 33.82408
-11.21264 -1.41554 33.82857
-10.72570 -0.83835 36.98528
-9.08875 0.66580 39.24108
-10.17336 -1.01293 38.91861
1.99291 -10.96795 56.50293
1.17719 -11.68217 56.13660
0.65379 -12.45884 56.61012
-6.93002 5.51093 40.09498
-6.63626 6.33736 41.35567
-5.60086 5.16477 42.99789
-3.77394 6.69857 42.81934
-4.45842 7.41469 39.83740
-4.56743 6.65362 44.70501
-4.83449 6.67977 45.76584
-4.36051 5.21765 44.87261
-3.44817 6.21748 44.34975
-7.56595 7.08000 40.53560
-7.78800 7.28571 40.70729
-10.45889 -1.46244 31.76400
6.08057 -14.73050 58.34546
-8.75380 -0.98169 38.64569
-10.81254 -2.56262 35.87824
-6.74220 9.35663 39.27653
7.48702 -12.62644 67.59831
8.45054 -12.73061 66.45898
8.01084 -15.07405 67.06034
9.29899 -15.37748 65.25715
8.01245 -17.26026 65.60921
9.08509 -17.36583 63.57556
7.50461 -18.98685 63.49036
9.69208 -16.79571 61.79378
6.78698 -19.66954 61.60483
4.06402 -18.63702 64.66286
5.94378 -18.31877 65.21901
6.15199 -16.38005 66.83424
6.07525 -13.49181 67.68695
10.28469 -14.28381 63.52299
3.80200 -16.40976 66.80328
