-0.11834 33.22021 36.58171
-0.10745 36.06154 37.37576
1.76959 33.14799 37.46358
1.21975 36.01147 38.06375
-0.00812 37.74535 39.30176
1.85769 37.64676 40.53136
0.14107 38.51385 41.80624
1.98066 38.05119 43.10979
0.28406 38.36320 44.57849
3.47193 37.02030 43.87240
0.39442 37.50310 46.52382
0.40529 34.67507 47.89909
-3.10004 37.04498 44.19764
-3.05784 34.37531 46.76255
-4.07676 34.06204 45.25647
-1.68899 38.03474 43.21102
-1.79773 37.62749 40.71438
-1.55804 36.01971 38.17814
-2.00638 33.15347 37.63908
3.77572 36.46101 40.83170
4.80039 33.68738 42.83694
4.61232 34.06898 44.82070
3.57093 34.35756 46.37387
-3.81191 33.30379 40.29613
-3.78395 36.48016 41.22712
-4.40779 33.73125 43.30366
3.69718 33.27777 39.89093
