0.14377 32.45299 -2.26837
0.04468 35.29432 -1.48045
1.89152 32.38078 -1.13376
1.26392 35.24426 -0.61544
-0.12344 36.97813 0.44077
1.55429 36.87954 1.91671
-0.32222 37.74664 2.94180
1.31931 37.28397 4.48735
-0.56419 37.59599 5.70717
2.69072 36.25308 5.44897
-0.72406 36.73588 7.64906
-0.90358 33.90785 9.01260
-3.86304 36.27776 4.86174
-4.17614 33.60809 7.40781
-4.97688 33.29482 5.77525
-2.32905 37.26752 4.07985
-2.09130 36.86028 1.59218
-1.50298 35.25249 -0.88650
-1.87242 32.38625 -1.48241
3.41231 35.69379 2.47955
4.14967 32.92016 4.60728
3.68892 33.30176 6.54593
2.44265 33.59034 7.94007
-4.02823 32.53658 0.89927
-4.12935 35.71294 1.82517
-5.03452 32.96404 3.79541
3.46470 32.51055 1.53696
