-0.10575 33.01707 16.88118
-0.10020 35.85841 17.67528
1.77620 32.94486 17.77573
1.22234 35.80834 18.37218
-0.01384 37.54222 19.60191
1.84366 37.44363 20.84403
0.11851 38.31072 22.10734
1.94929 37.84806 23.42323
0.24284 38.16007 24.88048
3.43539 36.81717 24.19586
0.34011 37.29996 26.82651
0.34174 34.47194 28.20182
-3.13861 36.84185 24.47688
-3.11367 34.17218 27.04201
-4.12244 33.85891 25.52912
-1.72096 37.83161 23.49977
-1.81291 37.42436 21.00246
-1.55616 35.81658 18.46789
-2.00086 32.95033 17.92583
3.75962 36.25787 21.15726
4.77078 33.48425 23.16935
4.56937 33.86584 25.15180
3.51757 34.15443 26.69794
-3.82423 33.10066 20.57067
-3.80253 36.27703 21.50183
-4.44032 33.52812 23.57412
3.68742 33.07464 20.21599
