0 -1 0.2338 39.2566 -0.0166 0.3471 39.5659 -2.3005 0.4430
1 0 0.3471 39.5659 -2.3005 4.0604 39.5660 -2.3005 2.3075
2 1 4.0604 39.5660 -2.3005 2.8971 21.5852 -1.3067 0.0000
3 2 2.8971 21.5852 -1.3067 1.7087 4.1447 -3.3295 0.0000
4 3 1.7087 4.1447 -3.3295 0.5203 -13.2958 -5.3523 0.0000
5 1 -3.3661 39.5659 -2.3005 -3.1520 21.8958 1.3562 0.0000
6 5 -3.1520 21.8958 1.3562 -4.8339 7.9493 -9.2429 0.0000
7 6 -4.8339 7.9493 -9.2429 -6.5159 -5.9973 -19.8419 0.0000
8 1 0.3471 40.7560 -1.4486 0.5851 45.8134 0.1511 0.0000
9 8 0.5851 45.8134 0.1511 0.9936 50.2097 2.1013 0.0000
10 9 0.9936 50.2097 2.1013 1.5357 55.3973 4.6216 0.0000
11 10 1.5357 55.3973 4.6216 2.8927 60.7674 8.3239 0.0000
12 11 2.8927 60.7674 8.3239 3.8601 61.7369 9.8452 0.0000
13 12 3.8601 61.7369 9.8452 4.8275 62.7064 11.3665 0.0000
14 12 5.3606 59.0741 3.6462 8.3877 59.6778 -0.0652 0.0000
15 14 8.3877 59.6778 -0.0652 1.8935 51.1328 -3.0489 0.0000
16 15 1.8935 51.1328 -3.0489 -4.9854 44.1086 -6.1684 0.0000
17 16 -4.9854 44.1086 -6.1684 -7.0143 42.8763 -5.7481 0.0000
18 17 -7.0143 42.8763 -5.7481 -7.2494 42.0627 -6.1282 0.0000
19 18 -7.2494 42.0627 -6.1282 -7.4845 41.2490 -6.5083 0.0000
20 19 -7.4845 41.2490 -6.5083 -7.7196 40.4354 -6.8885 0.0000
21 17 -5.6176 41.1821 -6.3754 -5.9636 39.8169 -6.6701 0.0000
22 21 -5.9636 39.8169 -6.6701 -6.7562 38.9668 -7.5949 0.0000
23 22 -6.7562 38.9668 -7.5949 -7.5488 38.1168 -8.5198 0.0000
24 12 -0.8563 57.2093 9.1138 -5.8028 56.9389 9.5386 0.0000
25 24 -5.8028 56.9389 9.5386 -7.3451 46.9412 3.8917 0.0000
26 25 -7.3451 46.9412 3.8917 -9.4752 37.7744 0.1513 0.0000
27 26 -9.4752 37.7744 0.1513 -10.2504 36.3549 1.7383 0.0000
28 27 -10.2504 36.3549 1.7383 -10.6077 35.7177 2.3111 0.0000
29 28 -10.6077 35.7177 2.3111 -10.5553 35.0564 2.9605 0.0000
30 29 -10.5553 35.0564 2.9605 -10.5029 34.3951 3.6099 0.0000
31 27 -10.3948 35.2198 0.0274 -10.4379 33.7817 0.0429 0.0000
32 31 -10.4379 33.7817 0.0429 -10.5789 32.3032 0.0216 0.0000
33 32 -10.5789 32.3032 0.0216 -10.7198 30.8248 0.0003 0.0000
