0 -1 0.2338 20.5490 0.9639 0.8525 21.4874 -1.0514 19.0238
1 0 0.8525 21.4874 -1.0514 3.6457 19.0862 -1.5208 2.3075
2 1 3.6457 19.0862 -1.5208 -12.2372 10.5219 -1.3372 0.0000
3 2 -12.2372 10.5219 -1.3372 -17.5284 8.5346 -18.0024 0.0000
4 3 -17.5284 8.5346 -18.0024 -22.8196 6.5472 -34.6676 0.0000
5 1 -1.9407 23.8886 -0.5819 -14.7132 11.5309 2.5482 0.0000
6 5 -14.7132 11.5309 2.5482 -27.8353 5.7351 -7.6447 0.0000
7 6 -27.8353 5.7351 -7.6447 -40.9574 -0.0606 -17.8376 0.0000
8 1 1.4922 21.9940 0.1637 4.6856 24.7024 3.4285 0.0000
9 8 4.6856 24.7024 3.4285 7.5313 26.7299 6.7586 0.0000
10 9 7.5313 26.7299 6.7586 10.9022 29.0064 10.8829 0.0000
11 10 10.9022 29.0064 10.8829 14.8301 30.4644 16.0630 0.0000
12 11 14.8301 30.4644 16.0630 15.9577 29.9608 17.6955 0.0000
13 12 15.9577 29.9608 17.6955 17.0852 29.4573 19.3280 0.0000
14 12 16.2843 29.3651 10.8174 19.5001 29.0649 7.2298 0.0000
15 14 19.5001 29.0649 7.2298 15.5472 34.2411 -1.8077 0.0000
16 15 15.5472 34.2411 -1.8077 12.1428 40.1366 -9.5565 0.0000
17 16 12.1428 40.1366 -9.5565 10.4051 41.5257 -10.4852 0.0000
18 17 10.4051 41.5257 -10.4852 10.2766 41.7135 -11.3852 0.0000
19 18 10.2766 41.7135 -11.3852 10.1481 41.9012 -12.2852 0.0000
20 19 10.1481 41.9012 -12.2852 10.0197 42.0889 -13.1852 0.0000
21 17 10.8486 40.1644 -12.2641 10.3804 40.3011 -13.6178 0.0000
22 21 10.3804 40.3011 -13.6178 10.4237 41.1942 -14.8038 0.0000
23 22 10.4237 41.1942 -14.8038 10.4670 42.0873 -15.9898 0.0000
24 12 9.6086 30.2021 15.9900 5.3430 32.3692 17.3429 0.0000
25 24 5.3430 32.3692 17.3429 -2.9066 24.7124 14.5973 0.0000
26 25 -2.9066 24.7124 14.5973 -9.9574 17.5130 13.5907 0.0000
27 26 -9.9574 17.5130 13.5907 -9.8645 15.9772 15.2542 0.0000
28 27 -9.8645 15.9772 15.2542 -9.9238 15.3239 15.9112 0.0000
29 28 -9.9238 15.3239 15.9112 -9.6733 14.5317 16.3251 0.0000
30 29 -9.6733 14.5317 16.3251 -9.4229 13.7394 16.7391 0.0000
31 27 -11.5090 15.3610 14.1808 -12.0165 14.0154 14.2289 0.0000
32 31 -12.0165 14.0154 14.2289 -12.6263 12.6643 14.3225 0.0000
33 32 -12.6263 12.6643 14.3225 -13.2361 11.3132 14.4161 0.0000
