0 -1 0.2338 7.1384 1.4249 1.3145 8.1464 -0.3474 32.4373
1 0 1.3145 8.1464 -0.3474 2.7961 4.9436 -1.5029 2.3075
2 1 2.7961 4.9436 -1.5029 -14.4313 6.1227 -6.7446 0.0000
3 2 -14.4313 6.1227 -6.7446 -19.3592 6.8141 -23.6239 0.0000
4 3 -19.3592 6.8141 -23.6239 -24.2872 7.5055 -40.5033 0.0000
5 1 -0.1672 11.3492 0.8080 -15.5236 2.4383 4.0369 0.0000
6 5 -15.5236 2.4383 4.0369 -31.0135 2.8445 -4.3042 0.0000
7 6 -31.0135 2.8445 -4.3042 -46.5034 3.2506 -12.6453 0.0000
8 1 2.0411 8.0262 0.9174 5.9065 8.2271 4.5521 0.0000
9 8 5.9065 8.2271 4.5521 9.1580 7.9739 8.1103 0.0000
10 9 9.1580 7.9739 8.1103 12.9447 7.5239 12.4709 0.0000
11 10 12.9447 7.5239 12.4709 16.8127 5.8755 17.6389 0.0000
12 11 16.8127 5.8755 17.6389 17.5110 4.5678 19.0504 0.0000
13 12 17.5110 4.5678 19.0504 18.2094 3.2600 20.4618 0.0000
14 12 17.9346 5.4905 12.2138 20.6062 8.8835 10.0568 0.0000
15 14 20.6062 8.8835 10.0568 20.5478 19.6820 7.3214 0.0000
16 15 20.5478 19.6820 7.3214 21.5815 29.7774 5.4758 0.0000
17 16 21.5815 29.7774 5.4758 21.3631 32.0508 6.2474 0.0000
18 17 21.3631 32.0508 6.2474 21.2818 32.8051 5.7125 0.0000
19 18 21.2818 32.8051 5.7125 21.2004 33.5594 5.1775 0.0000
20 19 21.2004 33.5594 5.1775 21.1191 34.3137 4.6426 0.0000
21 17 20.3507 32.2022 4.2062 19.9423 33.3935 3.5102 0.0000
22 21 19.9423 33.3935 3.5102 20.4563 34.6468 2.9008 0.0000
23 22 20.4563 34.6468 2.9008 20.9702 35.9001 2.2915 0.0000
24 12 12.0169 7.9542 17.7756 8.7605 11.0379 19.9219 0.0000
25 24 8.7605 11.0379 19.9219 3.2680 2.6588 14.1045 0.0000
26 25 3.2680 2.6588 14.1045 -1.8956 -5.2075 10.3605 0.0000
27 26 -1.8956 -5.2075 10.3605 -2.3114 -6.7901 11.9280 0.0000
28 27 -2.3114 -6.7901 11.9280 -2.5573 -7.4717 12.5082 0.0000
29 28 -2.5573 -7.4717 12.5082 -2.4080 -8.2486 12.9939 0.0000
30 29 -2.4080 -8.2486 12.9939 -2.2586 -9.0255 13.4796 0.0000
31 27 -3.2966 -7.5352 10.2816 -3.6228 -8.9281 10.1280 0.0000
32 31 -3.6228 -8.9281 10.1280 -4.0596 -10.3394 9.9743 0.0000
33 32 -4.0596 -10.3394 9.9743 -4.4964 -11.7507 9.8205 0.0000
