-10.27180 -6.06566 51.45725
-10.81084 -0.57363 45.35096
-7.72062 -1.08817 47.24177
-10.41185 2.79652 43.99643
-12.01970 -1.66553 47.53749
-12.43233 2.92178 46.39077
-11.10022 3.85403 49.42652
-12.49372 8.53588 44.58667
-10.83747 8.81060 47.37751
-10.55790 7.77810 42.21379
-8.67752 7.90318 44.54914
-7.77211 3.84306 46.63124
-10.89683 1.28075 50.40908
-11.31355 -0.22027 50.32085
-11.27853 -0.47498 53.49706
-7.28902 -2.65779 52.19477
-5.11469 -6.91493 55.86202
-9.48687 -7.74474 54.35766
-7.06902 -7.53069 58.25310
-8.78658 -7.91222 56.10593
-9.97292 -6.55184 58.70108
-12.21211 -5.10316 56.10422
-10.53658 -3.74402 59.15501
-10.91250 -2.12271 57.91554
-6.84156 -2.19931 56.92088
-0.74149 4.88471 59.85514
1.84593 8.48357 60.11424
0.15699 8.76238 58.94923
2.99866 8.36297 56.56104
4.30941 7.02141 59.76390
4.86536 4.53547 57.84204
4.48206 3.98902 60.53129
4.55574 4.49488 55.97555
2.95438 1.30184 58.99176
2.60241 4.48469 53.12856
-1.14361 3.20540 55.71935
-3.69837 1.90052 51.58574
-2.15331 7.75140 54.90461
-3.63424 6.96753 51.60381
-0.54518 6.07877 50.73109
-5.11727 6.77719 51.27440
-7.83813 7.12487 49.84005
-8.33368 2.84900 48.99605
-6.17436 3.63409 45.83955
-11.74174 2.95375 46.25264
-10.58123 3.27066 43.33068
-12.35586 6.33914 46.74983
-11.08800 5.97520 44.30265
-6.08434 6.58997 46.89442
-2.16600 3.91336 47.93683
3.89618 -0.90933 14.54438
4.37744 -0.54101 15.39721
0.61418 -3.14124 14.99485
0.85927 -4.15228 16.20428
3.31491 -1.91517 19.86714
0.57301 -3.18458 20.47411
2.89720 -4.36601 24.83552
-1.24117 -0.16730 26.77846
0.20897 -3.42477 33.59886
1.66627 2.65593 32.80866
1.07857 -0.39092 33.66016
2.68931 4.48875 27.94666
0.15207 -0.14737 24.42761
2.54463 3.49304 19.91351
-0.04663 2.87978 19.30172
2.83053 4.65661 15.91372
-1.73925 6.94792 16.16891
2.70775 6.14524 15.35345
-1.21804 7.15461 15.46158
3.41483 -2.11657 10.42293
0.30081 2.19934 9.41773
0.79420 2.75981 13.80760
-1.32563 -1.38661 14.63346
0.44247 4.27211 15.11872
-2.06870 -1.07777 15.67806
0.86070 4.87608 19.81609
-1.57795 -0.21332 23.03362
1.85898 4.07909 25.10258
2.76825 5.25381 29.98637
2.82819 4.72149 34.87549
-3.60490 6.39419 35.85476
-0.77613 7.41834 39.41935
-6.34713 -0.45550 42.29707
-2.47420 5.11996 41.33361
-6.80211 -2.83904 45.95544
-2.80471 7.95544 31.24926
-1.28563 7.97140 26.47594
3.31345 4.85258 24.21054
-0.45268 10.32083 23.11289
4.11801 8.26563 17.18172
0.23049 12.23090 18.80344
3.90868 8.35351 16.18044
0.45318 11.51559 16.92457
1.34513 13.41306 12.71439
-0.15426 8.35736 11.30350
5.26181 3.95516 58.04858
7.54490 2.66018 57.15800
6.84150 3.52347 56.69178
7.35658 1.45064 53.63293
6.49837 0.49953 58.13363
4.81851 -4.82206 43.00521
2.79825 -5.36592 57.59432
2.39053 -5.92353 42.85993
-0.04689 -7.02714 42.70435
2.05481 -5.08268 39.24596
-1.97362 -7.35092 39.67557
-5.61583 -0.97413 64.33862
-3.80034 1.16855 67.43394
-3.47566 0.31209 64.20176
-1.66393 1.96866 67.77225
-2.02746 1.87688 69.90755
0.39916 0.80759 68.05241
-0.28583 0.73845 70.04124
2.11805 -1.78264 68.45271
1.25675 -1.94339 70.27087
2.21024 -5.79493 68.86335
1.88019 -5.03382 70.62347
1.37225 -6.98681 70.83355
1.31480 -10.50484 1.35542
-1.76194 -10.64365 4.17064
-1.87949 -11.22041 1.40592
-3.40660 -10.18140 1.38359
-3.18620 -9.68209 3.82921
-2.91166 -7.72528 4.25501
-0.03374 -4.70642 7.24890
1.53515 -8.42869 4.33963
2.11983 -3.00046 5.79118
2.87839 -4.19811 1.16341
-6.38343 4.15254 30.55589
-6.95030 1.26583 29.24804
-7.57010 3.43504 30.62724
-7.48183 -3.65483 38.11156
-5.46245 1.66714 28.84081
-5.23618 -3.79149 39.46255
-7.18109 2.53812 39.94945
-8.74775 1.67442 38.55887
0.72983 0.58227 64.83565
-1.37842 0.98886 64.38306
-1.27393 1.66888 64.51892
-3.60196 -1.10907 64.36378
-5.90261 -2.77016 65.49054
-6.59878 -2.75303 65.40366
-6.52268 -4.91679 67.37362
-7.32543 -4.89375 67.46283
-7.04795 -6.43918 68.31978
-0.59750 -0.06678 5.12108
-1.71946 -2.41588 10.96221
-1.63553 -3.22805 6.08825
-2.54274 -3.38915 1.29573
-0.06242 0.13497 1.10810
-3.59293 3.49284 22.88135
-5.83665 0.60805 33.45918
-5.30334 -4.56615 42.11451
-2.88251 -9.68608 52.51112
-1.02396 -8.50743 57.29953
-7.42248 -8.85764 53.58007
-6.87129 -6.00710 61.75146
-8.46328 -6.64352 60.91478
5.67966 4.60973 3.50777
7.22579 6.14917 1.08044
6.95867 5.75092 3.50154
5.80908 5.03657 0.71650
2.60029 5.44761 0.86353
2.94369 5.14893 3.41207
2.19810 6.32341 4.37232
4.11855 8.82398 8.02749
6.51403 7.40378 4.58129
2.31424 13.67299 8.16029
4.74078 9.41402 12.59034
1.51139 10.27075 7.12222
0.46866 11.26430 2.83300
2.26028 15.34137 4.24491
5.75783 12.44965 3.32882
5.09647 11.08607 7.96833
5.31911 2.75480 46.67949
2.48708 5.12162 46.90078
0.20650 3.25830 55.81789
1.64139 7.51244 54.45890
-2.69499 6.05823 58.41667
-0.63064 7.17916 58.28224
-0.74364 5.46042 61.53331
0.46553 6.90162 61.19646
2.95547 3.74429 62.81348
3.73015 5.36997 62.24664
6.57743 -3.41595 40.43912
6.33538 1.75129 43.29776
7.08036 -0.41619 34.33165
5.75578 0.01074 22.30873
4.51808 4.55735 43.07252
-9.94735 -3.04153 60.11058
-9.72829 -3.97709 59.09726
-9.81477 -2.82335 57.57401
-9.19433 -2.19408 57.26373
-7.89471 -0.25273 57.69807
-8.24107 -2.05181 60.65279
2.37957 -1.67249 65.43611
2.63839 -3.62359 66.78263
0.30033 -1.44561 64.94806
2.10701 -3.60227 66.54435
1.56524 -5.67312 68.56428
1.38644 -7.22453 69.55187
0.27082 -6.91349 69.67377
0.48676 -7.82615 69.55792
-2.96487 -6.43111 1.34021
0.39990 -4.14573 60.27941
1.19193 -3.31644 60.36587
3.11343 -1.66910 60.08251
1.24990 1.04674 62.41010
2.66332 3.38346 62.05503
-1.30641 2.25068 61.77710
-3.42686 3.01755 45.52662
-2.05090 3.85804 45.09051
-9.43999 -4.59580 53.25023
-5.86230 -7.59171 53.20205
-4.85359 -5.96173 45.72557
-3.98246 0.92039 62.73923
-0.11244 0.34024 62.24708
0.08921 1.62273 62.59674
-3.07427 0.02746 61.92022
-3.60381 -3.34409 61.86690
-4.79164 -3.37955 62.18154
-4.18908 1.19267 61.35552
-6.31171 -0.99704 67.18932
-4.00883 1.10552 69.49969
-6.15684 -1.26971 69.20491
0.93879 7.27528 53.27799
-12.24165 -3.65929 52.37546
7.05834 8.57796 1.87386
6.45465 9.63077 2.32779
3.77500 5.72481 61.54608
-5.67610 3.25343 57.34007
-0.95494 -5.44849 60.84536
-1.05608 -5.94674 59.63445
-4.13791 -4.65350 61.89467
0.51197 -8.68991 69.59647
0.10028 -8.38732 70.86140
-1.11516 -9.70994 69.52039
-3.12757 -10.17033 69.10717
-6.44757 -7.82297 69.91306
-5.18247 -9.33567 68.90880
-6.41360 -8.00782 68.59956
-7.19632 -6.17270 69.56584
-3.10433 -9.59012 68.90416
2.48769 3.22391 60.33743
2.26579 5.66651 61.61880
-7.56007 -4.86671 59.49350
-6.06106 -5.84545 57.57745
-9.26775 -6.56727 59.01413
-9.94989 -4.79746 58.30853
-8.31535 -8.47364 56.41343
-3.92247 -9.48331 55.43729
-6.40676 -5.63639 61.06978
0.27827 7.22835 58.60172
2.20229 7.19462 60.44260
1.33389 6.83653 60.32864
4.12142 6.48339 60.06604
-8.78001 -6.48222 60.16833
2.25544 -2.09901 60.89295
-5.52345 -4.96498 67.93346
-5.51934 -6.81184 68.59415
-5.85481 -6.34809 68.82308
-3.03975 -8.82327 69.15947
-2.92552 -8.77719 68.89541
-0.24558 -7.20907 69.33931
0.89878 -3.78522 66.84369
0.57729 -5.61656 68.76061
0.77227 -2.20455 65.32843
-5.92349 -7.22941 68.59184
-5.14412 -3.19107 65.93193
-4.43848 -1.71863 64.62526
-5.47603 -1.92838 61.31557
-3.46309 -7.62602 1.28666
0.91561 -9.92494 3.85506
-3.25302 -9.45739 70.61906
-7.20862 -4.17849 69.33025
-1.55018 -0.03484 64.41678
1.19193 -3.31644 60.36587
3.11343 -1.66910 60.08251
2.25544 -2.09901 60.89295
0.47086 -4.97406 65.27179
-0.37228 -7.33289 66.88046
-0.89950 -7.12539 64.73255
-1.62830 -7.92750 66.27760
-2.89250 -8.62891 68.35161
-2.31007 -9.13457 66.34951
-2.87159 -9.08207 66.26685
-2.50868 -8.88559 65.78822
-3.35001 -7.76448 66.07850
-2.41809 -8.20223 65.67589
-2.75209 -7.97569 64.50298
-1.86341 -8.04596 64.62751
-1.00630 -7.64702 63.12706
-0.48766 -6.99627 63.32716
0.08875 -5.47200 64.17240
-0.82244 -4.81315 63.19559
-2.57641 -6.37461 62.53389
-3.35744 -6.74885 62.84378
-2.65440 -4.63238 62.92918
-3.95748 -5.08214 63.63438
-3.50152 -6.87598 64.36234
-4.49124 -4.51273 64.51890
-4.77768 -6.91349 66.18082
-5.07636 -6.88903 67.94941
-17.19167 3.76806 42.77360
-18.06661 3.90403 41.36246
-17.93704 3.47815 41.29084
-16.90761 5.05416 40.55772
-17.24906 4.35139 43.15087
-14.16017 5.59646 42.49557
-15.54078 4.17086 44.17830
-13.08343 4.64458 46.03773
-14.66680 4.45913 45.82592
-14.74147 3.63941 45.61079
-16.12777 4.58245 44.53782
-9.75525 9.62266 41.78925
-8.77522 9.36702 40.76737
-8.77396 9.08831 40.68480
-8.48827 9.22396 40.85621
-9.20293 8.74440 42.57009
-9.16472 10.81555 42.49506
-9.34961 8.60010 44.43867
-9.23127 12.52247 44.48944
-9.98203 10.60857 45.60793
-10.82620 9.96371 46.06001
-10.78703 13.86039 40.79269
-11.12793 13.56869 40.81710
-10.50933 14.63439 42.41645
-10.92506 14.35805 42.71412
-9.46004 12.67151 41.00949
-10.22289 12.56573 44.53551
-10.11514 10.92430 41.87170
-10.85576 8.65455 44.07051
-10.64907 7.60342 47.05098
-10.89296 6.94994 45.15046
-1.22344 -6.49438 62.71394
-2.01116 -7.28481 62.46015
-2.96878 -7.47634 62.84445
-15.51913 3.07051 43.88926
-14.62672 4.11449 44.57652
-12.72246 3.25311 45.45728
-11.49809 4.68774 43.98592
-13.85570 4.84018 41.91425
-11.03621 5.01683 45.95207
-11.16918 5.46527 47.11702
-10.73273 3.82388 46.59198
-10.15440 4.65321 45.55123
-15.92578 4.70727 44.35419
-16.02470 4.94626 44.58700
-8.80777 12.55183 41.18275
-0.46810 -7.41454 68.44485
-9.57215 7.12892 45.71084
-9.96667 8.57253 42.22417
-16.53386 4.66164 40.34129
-2.54977 0.94798 72.65857
-1.33466 0.08037 72.74844
-2.96383 -1.05440 74.19924
-1.28661 -2.53204 74.27919
-3.26940 -3.58978 74.80235
-1.57318 -5.11851 74.51388
-3.47912 -6.34285 74.47807
-0.06022 -6.03418 73.65324
-3.50327 -8.23832 73.50705
-6.54494 -5.41561 72.72427
-5.17878 -4.69215 73.97099
-4.88884 -2.18843 73.72977
-4.07215 0.36474 72.35526
0.72969 -3.04415 73.35870
-6.73109 -2.35322 72.27950
