-9.07898 -37.42139 51.45725
-10.54787 -32.10204 45.35096
-7.41517 -32.08138 47.24177
-10.73019 -28.71327 43.99643
-11.55254 -33.38432 47.53749
-12.74239 -28.93484 46.39077
-11.58902 -27.78881 49.42652
-13.76149 -23.41367 44.58667
-12.17646 -22.86017 47.37751
-11.72470 -23.82978 42.21379
-9.89329 -23.38546 44.54914
-8.30791 -27.23136 46.63124
-10.94923 -30.28959 50.40908
-11.10354 -31.83971 50.32085
-11.02554 -32.08470 53.49706
-6.72190 -33.55425 52.19477
-3.85259 -37.37761 55.86202
-8.01888 -38.94178 54.35766
-5.67308 -38.31802 58.25310
-7.30028 -38.98723 56.10593
-8.70148 -37.84939 58.70108
-11.15515 -36.80432 56.10422
-9.73630 -35.17905 59.15501
-10.38353 -33.64574 57.91554
-6.35929 -33.02610 56.92088
-1.55840 -25.00452 59.85514
0.37651 -21.01671 60.11424
-1.33523 -21.03038 58.94923
1.53291 -20.93871 56.56104
3.05348 -22.03676 59.76390
4.02574 -24.39126 57.84204
3.74137 -24.99514 60.53129
3.72759 -24.48412 55.97555
2.69496 -27.90370 58.99176
1.80468 -24.82769 53.12856
-1.66788 -26.72783 55.71935
-3.96231 -28.44977 51.58574
-3.43898 -22.42099 54.90461
-4.76431 -23.44622 51.60380
-1.56887 -23.79448 50.73109
-6.19306 -23.88699 51.27440
-8.93333 -24.00900 49.84005
-8.69150 -28.30670 48.99604
-6.69794 -27.16444 45.83955
-12.06741 -28.78541 46.25264
-10.97804 -28.27500 43.33067
-13.25056 -25.55459 46.74982
-11.93917 -25.69670 44.30265
-7.11396 -24.23659 46.89442
-2.79614 -26.20484 47.93682
3.19204 -15.17578 18.45597
3.71223 -15.50102 19.30345
-0.17563 -17.05779 17.42032
0.05498 -18.62682 17.59345
2.70726 -19.55342 21.66263
-0.07281 -20.85154 21.37288
2.47314 -24.97599 24.88564
-1.56665 -22.34710 28.79706
-0.00142 -28.61339 32.98222
1.37285 -31.15275 32.42432
0.98087 -33.47459 34.61731
2.19871 -31.75302 27.22793
-0.12413 -37.60060 26.37638
2.04266 -36.94308 21.95005
-0.52986 -37.85039 21.79528
2.59098 -38.97681 18.34489
-1.90492 -37.26222 16.59985
2.55063 -38.33556 16.88469
-1.33829 -37.61374 15.99153
2.54628 -13.21549 14.65917
-0.39233 -9.34179 17.04531
0.24297 -11.95663 20.59320
-2.04193 -15.50528 18.45899
-0.00404 -11.75270 22.59999
-2.74197 -15.98703 19.46724
0.56639 -14.54597 26.40490
-1.98977 -20.48702 25.55661
1.54721 -17.83497 29.42628
2.58289 -19.29980 34.20538
2.74825 -22.23904 38.14542
-4.05358 -26.66040 33.61228
-1.22638 -23.97112 36.16801
-6.16988 -31.22347 42.29707
-3.30583 -25.06859 41.33361
-6.21118 -33.64969 45.95544
-3.42955 -27.39095 28.77851
-2.00008 -29.53396 24.48240
2.73311 -33.14456 23.72670
-0.89345 -29.92494 19.12806
3.92828 -35.52333 16.74000
0.09410 -31.65028 14.79972
3.77830 -36.17941 15.96466
0.39674 -33.48825 14.01126
1.58665 -35.14828 9.77451
-0.00356 -39.72057 12.29726
4.51545 -24.89536 58.04858
6.98614 -25.78148 57.15799
6.14566 -25.05098 56.69177
7.00711 -27.00542 53.63293
6.32390 -28.08910 58.13363
5.57737 -33.61938 43.00521
3.67965 -34.50021 57.59432
3.37313 -35.11926 42.85993
1.15994 -36.62284 42.70435
2.89876 -34.34808 39.24596
-0.68320 -37.27086 39.67557
-5.36076 -31.60962 64.33862
-3.93780 -29.18841 67.43394
-3.47165 -29.97685 64.20176
-1.96938 -28.03525 67.77225
-2.31190 -28.18776 69.90755
0.26166 -28.82700 68.05241
-0.40146 -29.01209 70.04124
2.39759 -31.08569 68.45271
1.57639 -31.39115 70.27087
3.17352 -35.02332 68.86335
2.71836 -34.32975 70.62347
2.55135 -36.34079 70.83355
0.99208 -15.87801 4.55306
-1.97448 -17.29258 7.12394
-2.11719 -16.87869 4.33138
-3.73589 -16.05354 4.66459
-3.49278 -16.41829 7.13173
-3.39266 -14.71547 8.21625
-1.10068 -12.86603 10.75378
1.10137 -14.96059 8.07595
1.08923 -10.65754 10.75465
1.94471 -9.77776 6.58678
-6.79015 -31.23140 30.08518
-7.20958 -34.41667 30.29256
-7.93107 -31.88417 30.53272
-7.29122 -34.65993 40.44103
-5.75548 -34.18664 29.68160
-5.01750 -34.05320 41.60246
-7.32247 -28.31734 39.17949
-8.86033 -29.79693 38.41798
0.62595 -28.99256 64.83565
-1.52077 -28.95191 64.38306
-1.53392 -28.26404 64.51892
-3.35343 -31.39870 64.36378
-5.33666 -33.42824 65.49054
-6.02553 -33.53023 65.40366
-5.58109 -35.64922 67.37362
-6.37598 -35.76359 67.46283
-5.83870 -37.23895 68.31978
-1.50767 -8.02446 12.41670
-2.58016 -13.72615 15.10674
-2.66336 -10.97047 11.00535
-3.52254 -9.60626 6.96146
-1.39387 -6.01055 8.03211
-4.10405 -35.26742 23.48094
-5.98364 -32.98767 34.27522
-4.43952 -35.09554 42.11451
-1.18003 -39.72692 52.51112
0.44998 -38.24823 57.29953
-5.79477 -39.68584 53.58007
-5.73841 -36.78304 61.75146
-7.19836 -37.68194 60.91478
6.55511 -48.12391 6.34822
7.89029 -47.58654 3.41891
7.74670 -47.01297 5.81518
6.54505 -48.82403 3.60963
3.32300 -48.55435 3.78995
3.78558 -47.80775 6.22528
2.99443 -46.39028 6.69671
4.45890 -41.66279 9.94756
7.22539 -45.09387 6.19038
2.81678 -38.19965 6.46960
4.84526 -37.98438 12.75380
1.95732 -41.33651 8.11847
0.85260 -42.55032 3.46558
2.39685 -38.16012 3.05650
6.05699 -40.99446 3.11937
5.51534 -40.10466 8.35600
4.77688 -26.06832 46.67949
1.58231 -24.21982 46.90078
-0.34664 -26.44517 55.81789
0.34081 -22.00852 54.45890
-3.68359 -24.18179 58.41667
-1.84095 -22.72484 58.28223
-1.65882 -24.43763 61.53331
-0.71350 -22.81113 61.19646
2.27899 -25.49694 62.81347
2.76471 -23.76285 62.24664
7.07038 -31.93359 40.43912
5.94958 -26.88356 43.29776
6.92212 -26.38685 34.95998
5.32765 -19.92001 24.85428
3.67983 -24.42901 43.07252
-9.27566 -34.38625 60.11058
-8.90007 -35.27068 59.09726
-9.18229 -34.14865 57.57401
-8.67841 -33.42268 57.26373
-7.72936 -31.28793 57.69807
-7.76344 -33.11972 60.65279
2.63646 -30.93251 65.43611
3.22463 -32.81076 66.78263
0.54901 -31.06399 64.94806
2.69742 -32.88049 66.54435
2.51720 -35.01343 68.56428
2.60592 -36.57259 69.55187
1.45358 -36.45661 69.67377
1.82218 -37.31900 69.55792
-3.65301 -12.49900 5.93739
1.10817 -33.70745 60.27941
1.74697 -32.75511 60.36587
3.35897 -30.80386 60.08251
1.05908 -28.44610 62.41010
2.05274 -25.90236 62.05502
-1.66526 -27.69633 61.77710
-3.88551 -27.30280 45.52662
-2.67328 -26.23970 45.09051
-8.51037 -35.83107 53.25023
-4.47367 -38.17210 53.20205
-3.75808 -36.39382 45.72557
-4.07487 -29.46402 62.73923
-0.16262 -29.37484 62.24708
-0.18291 -28.07676 62.59674
-3.02755 -30.18876 61.92022
-2.97363 -33.60122 61.86690
-4.13796 -33.83899 62.18154
-4.32495 -29.23102 61.35552
-6.04251 -31.75101 67.18932
-4.13247 -29.28612 69.49969
-5.84336 -31.99323 69.20491
-0.31099 -22.36215 53.27799
-11.43080 -35.38670 52.37546
7.57781 -45.05365 3.21055
6.91732 -43.93981 3.25533
2.74831 -23.40556 61.54608
-6.14200 -27.45443 57.34007
-0.00432 -35.22243 60.84536
-0.01890 -35.73063 59.63445
-3.27630 -34.98260 61.89467
1.99451 -38.16577 69.59647
1.53719 -37.93791 70.86140
0.56544 -39.44865 69.52039
-1.33881 -40.24589 69.10717
-5.01085 -38.49990 69.91306
-3.50604 -39.77436 68.90880
-4.94582 -38.67623 68.59956
-6.03039 -37.00171 69.56584
-1.41498 -39.67023 68.90416
1.90693 -26.08954 60.33743
1.27122 -23.72071 61.61880
-6.61180 -35.77702 59.49350
-4.96768 -36.48543 57.57745
-8.00403 -37.74417 59.01413
-8.97834 -36.11684 58.30853
-6.74011 -39.45995 56.41343
-2.23933 -39.70469 55.43729
-5.34400 -36.33846 61.06978
-0.95379 -22.52117 58.60172
0.94772 -22.22588 60.44260
0.15323 -22.72699 60.32863
2.96011 -22.59898 60.06604
-7.53797 -37.57710 60.16833
2.58699 -31.37397 60.89295
-4.58831 -35.52609 67.93346
-4.26891 -37.34512 68.59415
-4.67863 -36.94547 68.82308
-1.48229 -38.90363 69.15947
-1.37759 -38.83871 68.89541
0.99523 -36.83602 69.33931
1.53817 -33.26706 66.84369
1.53409 -35.12640 68.76061
1.14361 -31.73120 65.32843
-4.59582 -37.82556 68.59184
-4.51744 -33.71346 65.93193
-4.07358 -32.14215 64.62526
-5.06008 -32.52599 61.31557
-4.03709 -13.64344 5.46662
0.61259 -16.24777 7.09531
-1.58414 -39.56485 70.61906
-6.38302 -35.03889 69.33025
-1.51520 -29.98991 64.41678
1.74697 -32.75511 60.36587
3.35897 -30.80386 60.08251
2.58699 -31.37397 60.89295
1.31953 -34.51150 65.27179
0.89154 -36.97966 66.88046
0.33663 -36.86523 64.73255
-0.24451 -37.78001 66.27760
-1.37038 -38.68697 68.35161
-0.71016 -39.08576 66.34951
-1.27240 -39.12991 66.26685
-0.94837 -38.87435 65.78822
-1.96877 -37.91335 66.07850
-0.97579 -38.18556 65.67589
-1.34356 -38.01937 64.50298
-0.45594 -37.93687 64.62751
0.32046 -37.39744 63.12706
0.72037 -36.66769 63.32716
1.02804 -35.06738 64.17240
0.01774 -34.57379 63.19559
-1.44385 -36.41181 62.53389
-2.14951 -36.91391 62.84378
-1.81818 -34.70848 62.92918
-3.02533 -35.37413 63.63438
-2.26977 -37.06378 64.36234
-3.64847 -34.90423 64.51890
-3.52079 -37.31864 66.18082
-3.81925 -37.34554 67.94941
-17.57634 -28.91363 42.77360
-18.46165 -28.92905 41.36246
-18.26126 -29.32656 41.29084
-17.51605 -27.59791 40.55772
-17.73249 -28.34867 43.15087
-14.90155 -26.59444 42.49557
-16.01847 -28.23485 44.17830
-13.67810 -27.34850 46.03773
-15.20655 -27.80159 45.82592
-15.14015 -28.62202 45.61079
-16.66712 -27.92954 44.53782
-11.24879 -21.87525 41.78925
-10.23951 -21.95979 40.76736
-10.19067 -22.23419 40.68479
-9.93234 -22.05176 40.85620
-10.55462 -22.64631 42.57009
-10.87062 -20.59906 42.49506
-10.67451 -22.81354 44.43868
-11.22765 -18.92856 44.48944
-11.64059 -20.94254 45.60793
-12.36225 -21.72207 46.06002
-12.98902 -17.87593 40.79269
-13.27510 -18.22156 40.81710
-12.84755 -17.06588 42.41645
-13.20999 -17.40915 42.71412
-11.47852 -18.82078 41.00949
-12.21210 -19.05526 44.53551
-11.82565 -20.65420 41.87170
-12.16784 -23.01706 44.07051
-11.78471 -24.01746 47.05098
-11.91343 -24.70299 45.15046
-0.09030 -36.29880 62.71394
-0.73149 -37.21212 62.46015
-1.64234 -37.56435 62.84445
-15.80925 -29.31535 43.88925
-15.10821 -28.13432 44.57651
-13.08484 -28.65789 45.45728
-12.12341 -27.03528 43.98592
-14.47242 -27.28763 41.91425
-11.72450 -26.63215 45.95206
-11.93209 -26.21301 47.11702
-11.22178 -27.75576 46.59198
-10.79355 -26.83987 45.55123
-16.48940 -27.77206 44.35419
-16.62768 -27.55347 44.58700
-10.81539 -18.82732 41.18275
0.81106 -37.07648 68.44485
-10.64257 -24.30111 45.71084
-11.27780 -22.94605 42.22417
-17.08077 -27.92085 40.34129
-2.66793 -29.19221 72.65857
-1.32252 -29.83959 72.74844
-2.73400 -31.23587 74.19924
-0.82911 -32.40544 74.27919
-2.60218 -33.78621 74.80235
-0.66983 -35.00285 74.51388
-2.33873 -36.53465 74.47807
0.97726 -35.64674 73.65324
-2.03887 -38.40641 73.50705
-5.51785 -36.14452 72.72427
-4.29529 -35.19841 73.97099
-4.43711 -32.68195 73.72977
-4.06837 -30.02682 72.35526
1.24502 -32.56574 73.35870
-6.22417 -33.15888 72.27950
