-9.62524 -21.64144 52.28931
-10.69985 -16.22865 46.18302
-7.57409 -16.43790 48.07383
-10.63302 -12.83563 44.82849
-11.79591 -17.43375 48.36955
-12.65605 -12.90895 47.22283
-11.42170 -11.85065 50.25858
-13.26728 -7.32789 45.41874
-11.64592 -6.89219 48.20957
-11.26652 -7.89233 43.04585
-9.40744 -7.58359 45.38120
-8.10854 -11.53545 47.46330
-10.96714 -14.39163 51.24115
-11.23477 -15.92626 51.15292
-11.17496 -16.17630 54.32912
-6.99076 -17.95768 53.02682
-4.40973 -21.98127 56.69408
-8.67956 -23.23552 55.18972
-6.29432 -22.78557 59.08516
-7.96623 -23.33357 56.93799
-9.28017 -22.09599 59.53313
-11.65054 -20.87369 56.93628
-10.11625 -19.35691 59.98706
-10.64923 -17.78024 58.74760
-6.59037 -17.45756 57.75294
-1.21382 -9.80988 60.68721
1.00849 -5.97480 60.94630
-0.69965 -5.86283 59.78129
2.16749 -5.98186 57.39310
3.60339 -7.18853 60.59596
4.40026 -9.60802 58.67410
4.07236 -10.18941 61.36335
4.09611 -9.67876 56.80761
2.81534 -13.01335 59.82382
2.15317 -9.88031 53.96062
-1.44946 -11.52051 56.55141
-3.86406 -13.06945 52.41779
-2.89976 -7.09533 55.73667
-4.29675 -8.02054 52.43586
-1.13547 -8.60233 51.56315
-5.75399 -8.35529 52.10646
-8.49583 -8.27590 50.67210
-8.57000 -12.57975 49.82810
-6.49800 -11.58685 46.67160
-11.97193 -12.80946 47.08470
-10.84805 -12.38036 44.16273
-12.91483 -9.50054 47.58188
-11.61740 -9.73849 45.13470
-6.69807 -8.63638 47.72647
-2.53630 -10.91615 48.76888
4.23441 -4.40474 17.47863
4.72818 -4.42713 18.40074
0.79971 -6.40495 17.08143
0.95735 -7.81779 17.80534
3.51109 -7.33782 22.01241
0.67966 -8.54973 22.12239
2.82601 -11.48598 25.38812
-1.01737 -8.22993 29.01533
0.08314 -14.18941 33.75931
1.44849 -15.63882 33.28197
1.13378 -17.96734 35.48033
2.31955 -16.22283 28.09112
0.22088 -22.15566 27.24732
1.65712 -18.90447 19.68308
-0.83994 -20.00107 19.51824
0.85877 -17.41763 15.86394
-3.90240 -16.16043 17.25992
0.33880 -15.95095 15.51251
-3.59269 -15.79789 16.49353
3.72776 -3.89715 13.21704
0.93456 0.67787 13.99278
1.40468 -0.52911 18.25314
-1.00865 -4.51647 17.44980
1.14045 0.38289 20.04987
-1.74294 -4.58254 18.54304
1.53435 -0.89713 24.61182
-1.30002 -6.64430 25.61749
2.41509 -3.91607 29.26065
3.33534 -5.01442 34.16013
3.28161 -7.59021 38.34975
-4.14743 -11.34922 34.43239
-1.43429 -8.54865 36.99223
-6.26920 -15.67369 43.12912
-2.96125 -9.74555 42.16567
-6.48843 -18.09034 46.78750
-3.47482 -12.06990 29.60367
-1.94692 -14.17038 25.32044
2.92134 -17.60354 24.59654
-1.83319 -13.10956 24.16363
1.67621 -13.72143 17.26410
-2.45864 -10.78890 20.05147
1.24582 -13.60645 16.33909
-2.50897 -11.30231 18.09564
-2.91080 -8.95741 14.03834
-3.68662 -14.09816 12.37408
4.85167 -10.14670 58.88065
7.25067 -11.21173 57.99005
6.46606 -10.42152 57.52383
7.18178 -12.43390 54.46499
6.42089 -13.46453 58.96568
5.27058 -18.92512 43.83727
3.31334 -19.66433 58.42637
2.96222 -20.25921 43.69199
0.64467 -21.59635 43.53640
2.54572 -19.45530 40.07802
-1.24105 -22.10737 40.50763
-5.49060 -16.11817 65.17067
-3.89381 -13.80789 68.26599
-3.48677 -14.62842 65.03381
-1.84608 -12.80229 68.60431
-2.19887 -12.92925 70.73960
0.32085 -13.75561 68.88447
-0.35406 -13.89154 70.87329
2.28528 -16.16494 69.28476
1.44388 -16.40931 71.10292
2.77020 -20.14889 69.69540
2.36715 -19.42379 71.45552
2.05303 -21.41715 71.66560
2.10433 -9.57143 3.94533
-0.95747 -10.08703 6.73289
-1.05224 -10.43971 3.92990
-2.62705 -9.47611 3.98963
-2.42642 -9.16944 6.46846
-2.24448 -7.24338 7.05411
0.15235 -4.82104 9.33924
2.23089 -7.73927 7.09042
2.43897 -2.83927 8.62016
3.36603 -3.20309 4.27528
-6.69528 -16.02959 30.90736
-6.99621 -19.22772 31.12266
-7.81298 -16.72329 31.35190
-7.11427 -19.44445 41.27138
-5.54900 -18.94522 30.51737
-4.87007 -18.74972 42.44088
-7.37704 -13.11115 39.99028
-8.85505 -14.64945 39.22658
0.67201 -13.94745 65.66770
-1.46594 -13.74940 65.21512
-1.42858 -13.06241 65.35098
-3.47320 -16.05511 65.19583
-5.60000 -17.93365 66.32259
-6.29451 -17.98482 66.23571
-6.00674 -20.13071 68.20567
-6.80789 -20.18645 68.29488
-6.38031 -21.69725 69.15183
-0.05897 0.30709 9.16797
-1.42191 -4.02433 13.67097
-1.32688 -2.90280 8.85897
-2.08720 -2.66625 4.46171
0.22247 0.97524 4.56954
-3.83047 -19.98141 24.32735
-5.84247 -17.74232 35.10626
-4.82763 -19.66228 42.94656
-1.91676 -24.52036 53.34318
-0.18264 -23.16526 58.13158
-6.51605 -24.14077 54.41212
-6.24684 -21.24994 62.58352
-7.76881 -22.03929 61.74683
0.35656 -14.53430 1.55013
0.78748 -11.98749 -0.44495
1.35970 -13.14846 1.65658
-0.46472 -13.27260 -0.84230
-3.48858 -13.78714 0.19616
-2.32230 -14.73378 2.30468
-2.91664 -14.14157 3.77214
-0.37731 -12.50773 8.40849
1.00401 -12.07400 3.33423
-3.00046 -8.16785 9.44323
1.07773 -12.13549 12.80158
-3.34380 -11.57761 8.19701
-5.84152 -9.60730 4.58355
-4.40806 -5.81932 6.91212
-0.93876 -7.27241 4.21276
0.11718 -10.09273 8.42097
5.02632 -11.33567 47.51154
1.97599 -9.25775 47.73283
-0.11103 -11.33557 56.64995
0.90010 -6.96131 55.29096
-3.27291 -8.83343 59.24873
-1.32833 -7.51561 59.11429
-1.27237 -9.23715 62.36536
-0.21025 -7.68440 62.02851
2.57709 -10.58255 63.64553
3.18875 -8.88878 63.07869
6.88326 -17.35343 41.27118
6.13603 -12.23476 44.12982
7.14747 -12.29914 35.58322
6.04018 -6.67283 24.92461
4.05251 -9.62029 43.90458
-9.59869 -18.60005 60.94264
-9.28901 -19.50965 59.92931
-9.48813 -18.36994 58.40606
-8.93234 -17.68290 58.09578
-7.82920 -15.62354 58.53012
-7.99760 -17.44790 61.48484
2.53475 -16.02969 66.26817
2.98352 -17.94604 67.61469
0.44329 -16.00765 65.78012
2.45261 -17.97689 67.37640
2.11637 -20.09087 69.39633
2.09044 -21.65234 70.38393
0.94972 -21.45211 70.50582
1.25405 -22.33922 70.38998
-2.36417 -5.71820 4.25532
0.80697 -18.68502 61.11146
1.51392 -17.78212 61.19793
3.26475 -15.95441 60.91457
1.14407 -13.43425 63.24215
2.32171 -10.97027 62.88708
-1.51792 -12.48660 62.60915
-3.70331 -11.93120 46.35868
-2.41633 -10.95992 45.92257
-8.94147 -20.09713 54.08229
-5.08743 -22.72805 54.03411
-4.24329 -21.00707 46.55763
-4.05073 -14.07271 63.57129
-0.14249 -14.27084 63.07913
-0.06748 -12.97476 63.42879
-3.05942 -14.87235 62.75228
-3.25603 -18.27956 62.69895
-4.43467 -18.43125 63.01360
-4.28304 -13.82199 62.18757
-6.18089 -16.20915 68.02138
-4.09512 -13.89106 70.33175
-6.00004 -16.46533 70.03696
0.22412 -7.26617 54.11005
-11.82142 -19.43966 53.20752
0.47178 -10.04268 1.19048
-0.12744 -9.37287 2.12385
3.19861 -8.53125 62.37814
-5.96484 -11.91685 58.17212
-0.41370 -20.11428 61.67742
-0.46553 -20.62004 60.46650
-3.65926 -19.63501 62.72672
1.36378 -23.19635 70.42852
0.92441 -22.93556 71.69345
-0.15557 -24.37091 70.35244
-2.11318 -25.02628 69.93922
-5.64722 -23.01555 70.74512
-4.23998 -24.39700 69.74085
-5.59530 -23.19618 69.43162
-6.55408 -21.44658 70.39790
-2.14691 -24.44658 69.73621
2.16255 -11.14626 61.16949
1.70238 -8.73716 62.45086
-7.04406 -20.18254 60.32555
-5.45634 -21.00968 58.40951
-8.57687 -22.04223 59.84619
-9.42916 -20.34779 59.14059
-7.44226 -23.84612 57.24548
-2.97157 -24.42046 56.26934
-5.82087 -20.83549 61.90183
-0.42862 -7.37759 59.43377
1.48944 -7.22263 61.27466
0.66031 -7.66409 61.16069
3.46902 -7.74238 60.89810
-8.09981 -21.90981 61.00039
2.45302 -16.46633 61.72501
-5.00760 -20.08076 68.76552
-4.82254 -21.91832 69.42621
-5.20184 -21.48968 69.65514
-2.15779 -23.67710 69.99152
-2.04861 -23.62005 69.72746
0.46476 -21.79687 70.17136
1.26812 -18.27736 67.67574
1.12762 -20.13139 69.59267
0.98732 -16.71670 66.16048
-5.18382 -22.37349 69.42390
-4.80392 -18.27822 66.76398
-4.24596 -16.74371 65.45731
-5.25797 -17.05413 62.14762
-2.80512 -6.92699 4.10274
1.68234 -9.21842 6.48326
-2.30789 -24.32907 71.45112
-6.76173 -19.46318 70.16231
-1.53655 -14.78500 65.24884
1.51392 -17.78212 61.19793
3.26475 -15.95441 60.91457
2.45302 -16.46633 61.72501
0.95875 -19.50241 66.10384
0.35081 -21.93251 67.71251
-0.19421 -21.77767 65.56461
-0.84090 -22.64734 67.10965
-2.03029 -23.46925 69.18366
-1.40111 -23.91541 67.18156
-1.96507 -23.91817 67.09890
-1.62316 -23.68708 66.62027
-2.57030 -22.65381 66.91055
-1.59997 -22.99814 66.50794
-1.95456 -22.80542 65.33503
-1.06327 -22.78826 65.45956
-0.24938 -22.30726 63.95912
0.20299 -21.60882 64.15921
0.62727 -20.03540 65.00446
-0.34410 -19.46901 64.02765
-1.93662 -21.19483 63.36595
-2.67722 -21.64380 63.67584
-2.18495 -19.46862 63.76123
-3.43768 -20.04390 64.46643
-2.80815 -21.78444 65.19438
-4.02467 -19.52954 65.35095
-4.07449 -21.94681 67.01288
-4.37413 -21.95174 68.78146
-17.47542 -12.53311 43.60565
-18.35948 -12.48353 42.19452
-18.18879 -12.89467 42.12289
-17.31875 -11.22536 41.38978
-17.58969 -11.95821 43.98293
-14.63767 -10.41644 43.32763
-15.87194 -11.97047 45.01035
-13.47284 -11.25823 46.86979
-15.03042 -11.59795 46.65798
-15.02441 -12.42105 46.44284
-16.49644 -11.61839 45.36987
-10.64848 -5.97799 42.62131
-9.64811 -6.13637 41.59943
-9.61954 -6.41361 41.51685
-9.34852 -6.25062 41.68826
-10.01275 -6.79791 43.40215
-10.17768 -4.73298 43.32711
-10.14459 -6.95589 45.27074
-10.41117 -3.04079 45.32150
-10.97077 -5.01905 46.43999
-11.74769 -5.74353 46.89208
-12.09055 -1.86176 41.62475
-12.40122 -2.18546 41.64917
-11.89003 -1.06427 43.24852
-12.27668 -1.38002 43.54618
-10.65345 -2.91489 41.84155
-11.40226 -3.09491 45.36757
-11.13419 -4.71789 42.70376
-11.64883 -7.04929 44.90258
-11.34013 -8.07510 47.88304
-11.51881 -8.74934 45.98252
-0.57842 -21.18144 63.54599
-1.28490 -22.04525 63.29221
-2.21914 -22.32970 63.67651
-15.74257 -13.06341 44.72131
-14.95677 -11.93700 45.40857
-12.97725 -12.60763 46.28934
-11.89936 -11.05994 44.81798
-14.26056 -11.13925 42.74630
-11.47196 -10.68717 46.78413
-11.64822 -10.25392 47.94908
-11.05303 -11.84464 47.42403
-10.55876 -10.96263 46.38329
-16.30766 -11.47437 45.18625
-16.42952 -11.24623 45.41906
-9.99259 -2.97008 42.01481
0.26345 -22.02316 69.27691
-10.22189 -8.44180 46.54290
-10.75598 -7.04378 43.05622
-16.90834 -11.57937 41.17335
-2.62764 -13.90487 73.49062
-1.33336 -14.64922 73.58050
-2.84349 -15.93818 75.03130
-1.02955 -17.24436 75.11124
-2.89916 -18.49130 75.63440
-1.06130 -19.84646 75.34593
-2.83809 -21.25167 75.31013
0.53411 -20.60947 74.48529
-2.67639 -23.14039 74.33910
-5.98002 -20.62931 73.55632
-4.69133 -19.77547 74.80305
-4.64812 -17.25538 74.56182
-4.08554 -14.63447 73.18731
1.02723 -17.55642 74.19076
-6.46535 -17.59990 73.11156
