-9.07898 -34.93353 51.51585
-10.54787 -29.61418 45.40955
-7.41517 -29.59351 47.30037
-10.73019 -26.22541 44.05502
-11.55254 -30.89646 47.59608
-12.74239 -26.44698 46.44936
-11.58902 -25.30095 49.48512
-13.76148 -20.92580 44.64527
-12.17646 -20.37231 47.43610
-11.72470 -21.34192 42.27238
-9.89329 -20.89760 44.60773
-8.30791 -24.74350 46.68983
-10.94923 -27.80172 50.46768
-11.10354 -29.35185 50.37945
-11.02554 -29.59684 53.55566
-6.72190 -31.06639 52.25336
-3.85259 -34.88974 55.92062
-8.01888 -36.45391 54.41626
-5.67308 -35.83016 58.31170
-7.30028 -36.49937 56.16453
-8.70148 -35.36153 58.75967
-11.15515 -34.31646 56.16282
-9.73630 -32.69118 59.21360
-10.38353 -31.15788 57.97414
-6.35929 -30.53824 56.97948
-1.55840 -22.51666 59.91374
0.37651 -18.52885 60.17283
-1.33523 -18.54251 59.00782
1.53291 -18.45084 56.61963
3.05348 -19.54889 59.82249
4.02574 -21.90340 57.90063
3.74137 -22.50727 60.58989
3.72759 -21.99626 56.03415
2.69496 -25.41584 59.05035
1.80468 -22.33983 53.18715
-1.66788 -24.23996 55.77794
-3.96231 -25.96190 51.64434
-3.43898 -19.93313 54.96320
-4.76431 -20.95836 51.66240
-1.56887 -21.30661 50.78968
-6.19306 -21.39913 51.33300
-8.93333 -21.52114 49.89865
-8.69150 -25.81884 49.05465
-6.69794 -24.67657 45.89815
-12.06741 -26.29755 46.31124
-10.97804 -25.78714 43.38927
-13.25056 -23.06673 46.80843
-11.93917 -23.20884 44.36125
-7.11396 -21.74873 46.95302
-2.79614 -23.71698 47.99543
3.16958 -12.57881 18.62872
3.68782 -12.86475 19.49144
-0.18039 -14.52559 17.65736
0.05985 -16.08438 17.89705
2.69850 -16.82178 22.01350
-0.07140 -18.14996 21.76563
2.43954 -22.08212 25.06498
-1.58916 -19.55491 29.05410
-0.01831 -25.93051 33.06858
1.43878 -29.49842 32.71072
1.07161 -31.55235 35.16027
2.30431 -30.69200 27.62436
0.08106 -36.63712 27.45821
2.23070 -36.24435 22.00871
-0.31813 -37.22739 21.96285
2.55561 -37.91873 18.19757
-2.11151 -36.21782 16.96348
2.38242 -37.14867 16.81120
-1.58398 -36.49128 16.28405
2.52916 -10.78347 14.75032
-0.44678 -6.83368 16.95885
0.18876 -9.29347 20.61591
-2.06202 -12.94387 18.62164
-0.06933 -9.00751 22.61126
-2.76371 -13.38784 19.64596
0.50128 -11.63527 26.53227
-2.01869 -17.60965 25.86492
1.52928 -15.06291 29.79480
2.57529 -16.65407 34.53106
2.74798 -19.69644 38.39172
-4.06618 -24.98875 33.34061
-1.29758 -21.97063 35.57284
-6.16988 -28.73561 42.35566
-3.30583 -22.58073 41.39221
-6.21118 -31.16183 46.01404
-3.40246 -26.27239 28.62891
-1.91375 -28.88179 24.62050
2.88136 -32.47667 24.31339
-1.12280 -29.11008 20.08648
3.66091 -34.28639 16.82830
-0.42578 -30.39540 15.55342
3.47028 -34.87394 16.00821
-0.13150 -32.14132 14.57538
0.77240 -33.36259 10.12418
-0.48022 -38.20144 12.31859
4.51545 -22.40750 58.10718
6.98614 -23.29362 57.21659
6.14566 -22.56311 56.75037
7.00711 -24.51756 53.69153
6.32390 -25.60124 58.19222
5.57737 -31.13152 43.06381
3.67965 -32.01235 57.65291
3.37313 -32.63139 42.91853
1.15994 -34.13498 42.76294
2.89876 -31.86021 39.30456
-0.68320 -34.78300 39.73417
-5.36076 -29.12176 64.39721
-3.93780 -26.70055 67.49253
-3.47165 -27.48899 64.26035
-1.96938 -25.54739 67.83085
-2.31190 -25.69990 69.96614
0.26166 -26.33914 68.11101
-0.40146 -26.52423 70.09983
2.39759 -28.59783 68.51130
1.57639 -28.90329 70.32946
3.17352 -32.53546 68.92194
2.71836 -31.84189 70.68206
2.55135 -33.85293 70.89214
1.08651 -14.13927 5.06791
-1.89311 -15.35545 7.72381
-2.01173 -15.18447 4.90480
-3.64066 -14.34898 5.15101
-3.41886 -14.49802 7.64250
-3.34408 -12.70742 8.57736
-1.10108 -10.62266 10.81712
1.15306 -12.92145 8.49966
1.07400 -8.40107 10.73558
1.96660 -7.87811 6.57784
-6.70820 -29.98802 30.36565
-7.07739 -33.13333 30.94497
-7.84102 -30.60256 30.88253
-7.21389 -32.18227 41.05112
-5.62367 -32.95253 30.31679
-4.95702 -31.40522 42.14179
-7.34013 -26.03356 39.05153
-8.84948 -27.61794 38.46358
0.62595 -26.50470 64.89424
-1.52077 -26.46405 64.44165
-1.53392 -25.77618 64.57751
-3.35343 -28.91084 64.42237
-5.33666 -30.94038 65.54913
-6.02553 -31.04237 65.46225
-5.58109 -33.16135 67.43221
-6.37598 -33.27573 67.52142
-5.83870 -34.75108 68.37837
-1.54844 -5.71871 12.27413
-2.59586 -11.31019 15.19546
-2.67759 -8.72903 10.98202
-3.50536 -7.72641 6.88650
-1.41831 -4.03215 7.66318
-3.91913 -34.72757 24.29290
-5.89775 -31.22543 34.73640
-4.43952 -32.60767 42.17310
-1.18003 -37.23906 52.56972
0.44998 -35.76037 57.35812
-5.79477 -37.19798 53.63866
-5.73841 -34.29518 61.81005
-7.19836 -35.19408 60.97337
5.79221 -45.97268 7.27333
7.14854 -45.82563 4.30836
6.97279 -44.92772 6.60065
5.81959 -47.04577 4.65840
2.59232 -46.80454 4.77427
3.01974 -45.72033 7.08598
2.20342 -44.26384 7.34993
3.84051 -39.75601 9.46876
6.41994 -42.98360 6.70181
1.83023 -36.05212 6.46441
4.33606 -36.33768 12.57109
1.19518 -39.35589 7.87124
0.03832 -40.94315 3.60050
1.52264 -36.62826 2.59827
5.22275 -39.36846 3.08256
4.72295 -38.02132 7.95580
4.77688 -23.58046 46.73808
1.58231 -21.73196 46.95937
-0.34664 -23.95731 55.87648
0.34081 -19.52065 54.51750
-3.68359 -21.69393 58.47527
-1.84095 -20.23698 58.34083
-1.65882 -21.94977 61.59190
-0.71350 -20.32327 61.25505
2.27899 -23.00908 62.87207
2.76471 -21.27499 62.30523
7.07038 -29.44573 40.49771
5.94958 -24.39569 43.35636
6.91143 -23.76129 35.08790
5.29743 -17.02885 25.16032
3.67983 -21.94115 43.13112
-9.27566 -31.89839 60.16918
-8.90007 -32.78281 59.15585
-9.18229 -31.66078 57.63260
-8.67841 -30.93481 57.32232
-7.72936 -28.80007 57.75666
-7.76344 -30.63186 60.71138
2.63646 -28.44465 65.49471
3.22463 -30.32290 66.84122
0.54902 -28.57613 65.00665
2.69742 -30.39262 66.60294
2.51720 -32.52557 68.62287
2.60592 -34.08474 69.61047
1.45358 -33.96875 69.73236
1.82218 -34.83114 69.61652
-3.60087 -10.69757 6.11397
1.10817 -31.21959 60.33800
1.74697 -30.26725 60.42447
3.35897 -28.31600 60.14111
1.05908 -25.95824 62.46869
2.05274 -23.41449 62.11362
-1.66526 -25.20847 61.83569
-3.88551 -24.81494 45.58522
-2.67328 -23.75184 45.14911
-8.51037 -33.34321 53.30883
-4.47367 -35.68424 53.26065
-3.75808 -33.90596 45.78417
-4.07487 -26.97616 62.79783
-0.16262 -26.88698 62.30567
-0.18291 -25.58890 62.65533
-3.02755 -27.70090 61.97882
-2.97363 -31.11336 61.92549
-4.13796 -31.35112 62.24014
-4.32495 -26.74316 61.41411
-6.04251 -29.26315 67.24792
-4.13247 -26.79826 69.55829
-5.84336 -29.50537 69.26350
-0.31099 -19.87429 53.33658
-11.43080 -32.89883 52.43406
6.80139 -43.35132 3.74809
6.12438 -42.25258 3.63268
2.74831 -20.91770 61.60468
-6.14200 -24.96657 57.39866
-0.00432 -32.73457 60.90396
-0.01890 -33.24277 59.69304
-3.27630 -32.49474 61.95326
1.99451 -35.67791 69.65506
1.53720 -35.45005 70.91999
0.56544 -36.96078 69.57898
-1.33880 -37.75803 69.16576
-5.01085 -36.01204 69.97166
-3.50604 -37.28651 68.96739
-4.94582 -36.18837 68.65816
-6.03039 -34.51385 69.62444
-1.41498 -37.18237 68.96275
1.90693 -23.60168 60.39603
1.27122 -21.23285 61.67739
-6.61180 -33.28915 59.55209
-4.96768 -33.99756 57.63605
-8.00402 -35.25631 59.07273
-8.97834 -33.62897 58.36713
-6.74011 -36.97208 56.47202
-2.23933 -37.21683 55.49588
-5.34400 -33.85060 61.12837
-0.95379 -20.03331 58.66031
0.94772 -19.73802 60.50119
0.15323 -20.23913 60.38723
2.96011 -20.11112 60.12463
-7.53797 -35.08923 60.22693
2.58699 -28.88610 60.95155
-4.58830 -33.03823 67.99206
-4.26891 -34.85726 68.65275
-4.67863 -34.45760 68.88168
-1.48228 -36.41576 69.21806
-1.37759 -36.35085 68.95400
0.99523 -34.34816 69.39790
1.53817 -30.77920 66.90228
1.53409 -32.63853 68.81921
1.14361 -29.24334 65.38702
-4.59582 -35.33770 68.65044
-4.51744 -31.22560 65.99052
-4.07358 -29.65429 64.68385
-5.06008 -30.03812 61.37416
-3.97045 -11.88181 5.73993
0.68507 -14.29270 7.62898
-1.58414 -37.07699 70.67766
-6.38302 -32.55103 69.38885
-1.51520 -27.50205 64.47537
1.74697 -30.26725 60.42447
3.35897 -28.31600 60.14111
2.58699 -28.88610 60.95155
1.31953 -32.02364 65.33038
0.89154 -34.49180 66.93905
0.33663 -34.37737 64.79115
-0.24451 -35.29214 66.33619
-1.37038 -36.19912 68.41020
-0.71016 -36.59790 66.40810
-1.27240 -36.64204 66.32544
-0.94837 -36.38649 65.84681
-1.96877 -35.42550 66.13709
-0.97579 -35.69770 65.73448
-1.34356 -35.53152 64.56157
-0.45594 -35.44901 64.68610
0.32046 -34.90958 63.18566
0.72037 -34.17983 63.38575
1.02805 -32.57951 64.23100
0.01774 -32.08593 63.25419
-1.44385 -33.92395 62.59249
-2.14951 -34.42605 62.90238
-1.81818 -32.22062 62.98777
-3.02533 -32.88627 63.69297
-2.26977 -34.57592 64.42093
-3.64847 -32.41637 64.57749
-3.52079 -34.83078 66.23942
-3.81925 -34.85768 68.00800
-17.57634 -26.42577 42.83219
-18.46165 -26.44119 41.42106
-18.26126 -26.83870 41.34943
-17.51605 -25.11005 40.61632
-17.73249 -25.86081 43.20947
-14.90155 -24.10658 42.55416
-16.01847 -25.74699 44.23689
-13.67810 -24.86063 46.09633
-15.20654 -25.31373 45.88452
-15.14015 -26.13416 45.66938
-16.66712 -25.44168 44.59642
-11.24879 -19.38739 41.84785
-10.23950 -19.47193 40.82597
-10.19067 -19.74634 40.74339
-9.93234 -19.56390 40.91479
-10.55462 -20.15845 42.62868
-10.87062 -18.11119 42.55366
-10.67451 -20.32567 44.49728
-11.22765 -16.44070 44.54804
-11.64058 -18.45468 45.66652
-12.36225 -19.23421 46.11861
-12.98902 -15.38807 40.85128
-13.27510 -15.73369 40.87570
-12.84755 -14.57802 42.47505
-13.20999 -14.92129 42.77271
-11.47851 -16.33292 41.06809
-12.21210 -16.56739 44.59410
-11.82565 -18.16633 41.93031
-12.16784 -20.52920 44.12911
-11.78471 -21.52959 47.10957
-11.91343 -22.21513 45.20905
-0.09030 -33.81094 62.77253
-0.73149 -34.72427 62.51875
-1.64234 -35.07649 62.90305
-15.80925 -26.82749 43.94785
-15.10821 -25.64646 44.63511
-13.08484 -26.17003 45.51588
-12.12341 -24.54742 44.04452
-14.47242 -24.79977 41.97284
-11.72450 -24.14429 46.01067
-11.93209 -23.72515 47.17562
-11.22178 -25.26790 46.65058
-10.79355 -24.35201 45.60983
-16.48940 -25.28420 44.41279
-16.62768 -25.06562 44.64560
-10.81539 -16.33946 41.24135
0.81106 -34.58862 68.50345
-10.64257 -21.81325 45.76944
-11.27780 -20.45819 42.28276
-17.08077 -25.43299 40.39989
-2.66793 -26.70435 72.71716
-1.32252 -27.35173 72.80704
-2.73400 -28.74801 74.25784
-0.82911 -29.91758 74.33778
-2.60218 -31.29835 74.86094
-0.66983 -32.51499 74.57247
-2.33873 -34.04679 74.53667
0.97726 -33.15887 73.71183
-2.03887 -35.91855 73.56564
-5.51785 -33.65665 72.78286
-4.29529 -32.71055 74.02959
-4.43711 -30.19409 73.78836
-4.06836 -27.53896 72.41385
1.24503 -30.07788 73.41730
-6.22417 -30.67102 72.33810
