-10.27181 -62.56771 51.45724
-10.81085 -57.07568 45.35096
-7.72063 -57.59021 47.24177
-10.41186 -53.70553 43.99643
-12.01971 -58.16758 47.53749
-12.43234 -53.58027 46.39077
-11.10023 -52.64801 49.42652
-12.49374 -47.96617 44.58667
-10.83748 -47.69144 47.37751
-10.55791 -48.72395 42.21379
-8.67753 -48.59887 44.54914
-7.77212 -52.65899 46.63124
-10.89684 -55.22130 50.40908
-11.31356 -56.72232 50.32085
-11.27854 -56.97703 53.49706
-7.28903 -59.15984 52.19476
-5.11470 -63.41698 55.86201
-9.48688 -64.24679 54.35766
-7.06903 -64.03275 58.25309
-8.78659 -64.41428 56.10593
-9.97293 -63.05389 58.70107
-12.21212 -61.60521 56.10422
-10.53659 -60.24607 59.15500
-10.91251 -58.62476 57.91554
-6.84157 -58.70136 56.92088
-0.74150 -51.61731 59.85514
1.84591 -48.01845 60.11424
0.15697 -47.73964 58.94923
2.99864 -48.13905 56.56104
4.30939 -49.48061 59.76390
4.86535 -51.96655 57.84204
4.48204 -52.51300 60.53129
4.55572 -52.00713 55.97555
2.95436 -55.20018 58.99176
2.60239 -52.01733 53.12856
-1.14363 -53.29662 55.71935
-3.69839 -54.60149 51.58573
-2.15333 -48.75062 54.90461
-3.63426 -49.53448 51.60380
-0.54520 -50.42325 50.73109
-5.11729 -49.72483 51.27439
-7.83815 -49.37715 49.84004
-8.33369 -53.65302 48.99604
-6.17438 -52.86794 45.83954
-11.74176 -53.54827 46.25264
-10.58125 -53.23136 43.33067
-12.35588 -50.16288 46.74982
-11.08802 -50.52682 44.30264
-6.08436 -49.91205 46.89441
-2.16602 -52.58866 47.93682
3.89618 -57.41138 14.54437
4.37744 -57.04306 15.39720
0.61418 -59.64328 14.99485
0.85927 -60.65433 16.20428
3.31491 -58.41722 19.86714
0.57301 -59.68662 20.47410
2.89720 -60.86806 24.83552
-1.24117 -56.66935 26.77846
0.20897 -59.92682 33.59886
1.66627 -53.84610 32.80866
1.07857 -56.89296 33.66016
2.68931 -52.01329 27.94666
0.15207 -56.64940 24.42761
2.54463 -53.00900 19.91351
-0.04663 -53.62226 19.30172
2.83053 -51.84543 15.91372
-1.73925 -49.55412 16.16891
2.70775 -50.35680 15.35345
-1.21804 -49.34743 15.46158
3.41483 -58.61861 10.42293
0.30081 -54.30271 9.41772
0.79420 -53.74224 13.80759
-1.32563 -57.88865 14.63346
0.44247 -52.22994 15.11872
-2.06870 -57.57982 15.67805
0.86070 -51.62597 19.81609
-1.57795 -56.71537 23.03362
1.85898 -52.42296 25.10258
2.76825 -51.24824 29.98637
2.82819 -51.78056 34.87549
-3.60490 -50.10784 35.85476
-0.77613 -49.08370 39.41935
-6.34713 -56.95754 42.29707
-2.47420 -51.38208 41.33361
-6.80211 -59.34108 45.95544
-2.80470 -48.54659 31.24926
-1.28563 -48.53064 26.47594
3.31345 -51.64946 24.21054
-0.45268 -46.18121 23.11289
4.11801 -48.23640 17.18172
0.23049 -44.27114 18.80344
3.90868 -48.14854 16.18044
0.45318 -44.98645 16.92457
1.34513 -43.08897 12.71439
-0.15426 -48.14468 11.30350
5.26180 -52.54686 58.04858
7.54489 -53.84184 57.15799
6.84150 -52.97855 56.69177
7.35658 -55.05140 53.63293
6.49836 -56.00249 58.13363
4.81851 -61.32410 43.00521
2.79824 -61.86796 57.59432
2.39053 -62.42558 42.85993
-0.04689 -63.52918 42.70435
2.05481 -61.58472 39.24596
-1.97362 -63.85297 39.67557
-5.61584 -57.47617 64.33861
-3.80035 -55.33348 67.43393
-3.47568 -56.18994 64.20175
-1.66394 -54.53337 67.77225
-2.02747 -54.62515 69.90754
0.39915 -55.69444 68.05241
-0.28584 -55.76359 70.04123
2.11804 -58.28467 68.45270
1.25674 -58.44542 70.27086
2.21023 -62.29696 68.86334
1.88017 -61.53586 70.62346
1.37224 -63.48885 70.83354
1.31480 -67.00689 1.35542
-1.76194 -67.14571 4.17063
-1.87949 -67.72246 1.40592
-3.40660 -66.68345 1.38359
-3.18620 -66.18414 3.82920
-2.91166 -64.22733 4.25500
-0.03375 -61.20847 7.24890
1.53515 -64.93075 4.33963
2.11983 -59.50251 5.79118
2.87839 -60.70016 1.16341
-6.38343 -52.34949 30.55589
-6.95030 -55.23621 29.24804
-7.57010 -53.06700 30.62724
-7.48183 -60.15687 38.11156
-5.46245 -54.83490 28.84081
-5.23618 -60.29353 39.46255
-7.18109 -53.96392 39.94945
-8.74775 -54.82761 38.55887
0.72982 -55.91977 64.83564
-1.37844 -55.51317 64.38306
-1.27394 -54.83315 64.51891
-3.60197 -57.61110 64.36377
-5.90262 -59.27220 65.49053
-6.59879 -59.25506 65.40365
-6.52269 -61.41882 67.37361
-7.32544 -61.39578 67.46282
-7.04796 -62.94122 68.31977
-0.59750 -56.56883 5.12108
-1.71947 -58.91793 10.96221
-1.63553 -59.73009 6.08825
-2.54274 -59.89120 1.29572
-0.06242 -56.36708 1.10810
-3.59293 -53.00920 22.88135
-5.83665 -55.89399 33.45918
-5.30334 -61.06820 42.11451
-2.88252 -66.18812 52.51112
-1.02397 -65.00947 57.29953
-7.42249 -65.35969 53.58006
-6.87130 -62.50914 61.75146
-8.46329 -63.14555 60.91478
5.67966 -51.89231 3.50776
7.22579 -50.35287 1.08044
6.95867 -50.75112 3.50154
5.80908 -51.46547 0.71650
2.60029 -51.05442 0.86352
2.94370 -51.35311 3.41206
2.19810 -50.17863 4.37232
4.11855 -47.67806 8.02749
6.51403 -49.09826 4.58129
2.31424 -42.82905 8.16029
4.74078 -47.08802 12.59034
1.51140 -46.23129 7.12222
0.46866 -45.23774 2.83300
2.26028 -41.16066 4.24491
5.75783 -44.05238 3.32881
5.09647 -45.41597 7.96833
5.31911 -53.74725 46.67949
2.48708 -51.38042 46.90078
0.20648 -53.24371 55.81789
1.64139 -48.98960 54.45890
-2.69500 -50.44379 58.41667
-0.63065 -49.32287 58.28223
-0.74364 -51.04160 61.53331
0.46552 -49.60040 61.19646
2.95546 -52.75774 62.81347
3.73014 -51.13205 62.24664
6.57743 -59.91800 40.43912
6.33538 -54.75075 43.29776
7.08036 -56.91824 34.33165
5.75578 -56.49131 22.30873
4.51808 -51.94469 43.07252
-9.94736 -59.54356 60.11058
-9.72830 -60.47913 59.09726
-9.81478 -59.32539 57.57401
-9.19435 -58.69612 57.26373
-7.89472 -56.75477 57.69807
-8.24108 -58.55384 60.65279
2.37955 -58.17452 65.43611
2.63838 -60.12562 66.78262
0.30031 -57.94764 64.94806
2.10700 -60.10430 66.54434
1.56523 -62.17515 68.56427
1.38642 -63.72657 69.55186
0.27081 -63.41552 69.67376
0.48674 -64.32819 69.55791
-2.96487 -62.93317 1.34021
0.39990 -60.64776 60.27941
1.19193 -59.81848 60.36587
3.11343 -58.17113 60.08251
1.24990 -55.45530 62.41010
2.66331 -53.11856 62.05502
-1.30642 -54.25136 61.77710
-3.42686 -53.48450 45.52662
-2.05090 -52.64400 45.09051
-9.44000 -61.09783 53.25023
-5.86231 -64.09375 53.20205
-4.85359 -62.46377 45.72557
-3.98246 -55.58165 62.73923
-0.11245 -56.16179 62.24708
0.08921 -54.87930 62.59674
-3.07428 -56.47457 61.92022
-3.60382 -59.84612 61.86690
-4.79165 -59.88159 62.18154
-4.18909 -55.30937 61.35552
-6.31172 -57.49907 67.18932
-4.00885 -55.39651 69.49969
-6.15685 -57.77174 69.20490
0.93877 -49.22674 53.27799
-12.24166 -60.16133 52.37545
7.05834 -47.92407 1.87385
6.45465 -46.87127 2.32779
3.77499 -50.77721 61.54608
-5.67611 -53.24860 57.34007
-0.95494 -61.95053 60.84536
-1.05608 -62.44878 59.63445
-4.13792 -61.15554 61.89467
0.51196 -65.19194 69.59646
0.10026 -64.88935 70.86139
-1.11517 -66.21197 69.52038
-3.12759 -66.67236 69.10716
-6.44758 -64.32500 69.91306
-5.18248 -65.83770 68.90879
-6.41361 -64.50985 68.59956
-7.19633 -62.67473 69.56583
-3.10435 -66.09215 68.90415
2.48767 -53.27811 60.33743
2.26577 -50.83551 61.61880
-7.56008 -61.36876 59.49349
-6.06106 -62.34750 57.57745
-9.26776 -63.06931 59.01413
-9.94990 -61.29950 58.30853
-8.31536 -64.97569 56.41342
-3.92247 -65.98534 55.43729
-6.40677 -62.13843 61.06978
0.27826 -49.27367 58.60172
2.20227 -49.30740 60.44260
1.33388 -49.66549 60.32863
4.12140 -50.01863 60.06604
-8.78002 -62.98426 60.16833
2.25543 -58.60105 60.89295
-5.52346 -61.46702 67.93346
-5.51936 -63.31387 68.59415
-5.85482 -62.85012 68.82307
-3.03977 -65.32530 69.15946
-2.92553 -65.27922 68.89540
-0.24559 -63.71110 69.33930
0.89877 -60.28725 66.84368
0.57728 -62.11859 68.76060
0.77225 -58.70658 65.32842
-5.92350 -63.73144 68.59184
-5.14413 -59.69311 65.93192
-4.43849 -58.22066 64.62525
-5.47604 -58.43042 61.31557
-3.46309 -64.12807 1.28666
0.91561 -66.42699 3.85506
-3.25303 -65.95943 70.61906
-7.20863 -60.68053 69.33025
-1.55019 -56.53687 64.41678
1.19193 -59.81848 60.36587
3.11343 -58.17113 60.08251
2.25543 -58.60105 60.89295
0.47085 -61.47609 65.27177
-0.37229 -63.83492 66.88045
-0.89951 -63.62742 64.73254
-1.62831 -64.42953 66.27759
-2.89251 -65.13094 68.35160
-2.31008 -65.63661 66.34950
-2.87160 -65.58410 66.26684
-2.50869 -65.38763 65.78821
-3.35002 -64.26651 66.07849
-2.41810 -64.70427 65.67588
-2.75210 -64.47773 64.50297
-1.86342 -64.54799 64.62750
-1.00632 -64.14906 63.12706
-0.48768 -63.49831 63.32715
0.08874 -61.97403 64.17239
-0.82246 -61.31519 63.19559
-2.57642 -62.87665 62.53389
-3.35746 -63.25089 62.84378
-2.65441 -61.13441 62.92917
-3.95749 -61.58417 63.63437
-3.50154 -63.37802 64.36232
-4.49125 -61.01477 64.51889
-4.77770 -63.41552 66.18082
-5.07638 -63.39107 67.94940
-17.19169 -52.73397 42.77359
-18.06663 -52.59798 41.36246
-17.93706 -53.02387 41.29084
-16.90763 -51.44786 40.55772
-17.24908 -52.15064 43.15087
-14.16018 -50.90555 42.49557
-15.54079 -52.33115 44.17830
-13.08345 -51.85743 46.03773
-14.66682 -52.04289 45.82592
-14.74149 -52.86261 45.61078
-16.12779 -51.91957 44.53782
-9.75526 -46.87938 41.78925
-8.77523 -47.13502 40.76736
-8.77397 -47.41373 40.68479
-8.48828 -47.27808 40.85619
-9.20294 -47.75764 42.57009
-9.16473 -45.68650 42.49506
-9.34963 -47.90195 44.43868
-9.23129 -43.97958 44.48944
-9.98204 -45.89346 45.60793
-10.82622 -46.53833 46.06002
-10.78704 -42.64166 40.79269
-11.12794 -42.93336 40.81710
-10.50934 -41.86766 42.41645
-10.92507 -42.14400 42.71412
-9.46006 -43.83054 41.00949
-10.22290 -43.93632 44.53550
-10.11515 -45.57776 41.87170
-10.85578 -47.84750 44.07052
-10.64909 -48.89862 47.05098
-10.89297 -49.55211 45.15046
-1.22345 -62.99641 62.71393
-2.01117 -63.78684 62.46014
-2.96879 -63.97837 62.84444
-15.51914 -53.43151 43.88925
-14.62674 -52.38753 44.57651
-12.72248 -53.24889 45.45728
-11.49811 -51.81427 43.98592
-13.85571 -51.66183 41.91425
-11.03623 -51.48519 45.95206
-11.16920 -51.03675 47.11702
-10.73275 -52.67813 46.59197
-10.15442 -51.84881 45.55122
-15.92580 -51.79475 44.35419
-16.02472 -51.55576 44.58700
-8.80779 -43.95022 41.18275
-0.46811 -63.91658 68.44485
-9.57216 -49.37313 45.71084
-9.96668 -47.92950 42.22417
-16.53388 -51.84037 40.34129
-2.54978 -55.55405 72.65856
-1.33467 -56.42166 72.74844
-2.96384 -57.55643 74.19923
-1.28662 -59.03408 74.27918
-3.26942 -60.09182 74.80234
-1.57319 -61.62054 74.51387
-3.47913 -62.84488 74.47807
-0.06023 -62.53621 73.65323
-3.50328 -64.74036 73.50704
-6.54495 -61.91764 72.72426
-5.17880 -61.19419 73.97099
-4.88885 -58.69046 73.72976
-4.07216 -56.13729 72.35525
0.72968 -59.54618 73.35870
-6.73110 -58.85525 72.27950
